#!/bin/sh

#*****************************************************************************#
#
# PSEUDO RADIAL 3D-FLASH
#     !!!!!!!   REQUIRES FLASH_CS.PPG    !!!!!!!
# 

#*****************************************************************************#
#*                              PROCEDURES                                   *#
#*****************************************************************************#


pvcmd -set pvScan ACQ_spatial_size_1 4096
pvcmd -set pvScan ACQ_spatial_size_2 4096


# PSEUDO RADIAL SAMPLING ON CARTESIAN GRID 

vector1={-0.9688,-0.9375,-0.9063,-0.875,-0.8438,-0.8125,-0.7813,-0.75,-0.7188,-0.6875,-0.6563,-0.625,-0.5938,-0.5625,-0.5313,-0.5,-0.4688,-0.4375,-0.4063,-0.375,-0.3438,-0.3125,-0.2813,-0.25,-0.2188,-0.1875,-0.1563,-0.125,-0.0938,-0.0625,-0.0313,0,0.0313,0.0625,0.0938,0.125,0.1563,0.1875,0.2188,0.25,0.2813,0.3125,0.3438,0.375,0.4063,0.4375,0.4688,0.5,0.5313,0.5625,0.5938,0.625,0.6563,0.6875,0.7188,0.75,0.7813,0.8125,0.8438,0.875,0.9063,0.9375,0.9688,1,0.3438,0.3438,0.3438,0.3125,0.3125,0.2813,0.2813,0.2813,0.25,0.25,0.2188,0.2188,0.2188,0.1875,0.1875,0.1563,0.1563,0.1563,0.125,0.125,0.125,0.0938,0.0938,0.0625,0.0625,0.0313,0.0313,0.0313,0,-0,-0,-0.0313,-0.0313,-0.0313,-0.0625,-0.0625,-0.0938,-0.0938,-0.125,-0.125,-0.125,-0.1563,-0.1563,-0.1563,-0.1875,-0.1875,-0.2188,-0.2188,-0.2188,-0.25,-0.25,-0.2813,-0.2813,-0.2813,-0.3125,-0.3125,-0.3438,-0.3438,-0.3438,-0.375,0.7188,0.6875,0.6563,0.6563,0.625,0.5938,0.5625,0.5625,0.5313,0.5,0.4688,0.4375,0.4063,0.4063,0.375,0.3438,0.3125,0.2813,0.25,0.2188,0.2188,0.1875,0.1563,0.125,0.125,0.0938,0.0625,0.0313,-0,-0.0313,-0.0625,-0.0938,-0.125,-0.125,-0.1563,-0.1875,-0.2188,-0.2188,-0.25,-0.2813,-0.3125,-0.3438,-0.375,-0.4063,-0.4063,-0.4375,-0.4688,-0.5,-0.5313,-0.5625,-0.5625,-0.5938,-0.625,-0.6563,-0.6563,-0.6875,-0.7188,-0.75,-0.875,-0.8438,-0.8125,-0.7813,-0.75,-0.7188,-0.6875,-0.6563,-0.625,-0.5938,-0.5625,-0.5313,-0.5,-0.4688,-0.4375,-0.4063,-0.4063,-0.375,-0.3438,-0.3125,-0.2813,-0.25,-0.2188,-0.1875,-0.1563,-0.125,-0.0938,-0.0625,-0.0313,0,0.0313,0.0625,0.0938,0.125,0.1563,0.1875,0.2188,0.25,0.2813,0.3125,0.3438,0.375,0.4063,0.4063,0.4375,0.4688,0.5,0.5313,0.5625,0.5938,0.625,0.6563,0.6875,0.7188,0.75,0.7813,0.8125,0.8438,0.875,0.9063,-0.0938,-0.0938,-0.0938,-0.0625,-0.0625,-0.0625,-0.0625,-0.0625,-0.0625,-0.0625,-0.0625,-0.0625,-0.0625,-0.0625,-0.0313,-0.0313,-0.0313,-0.0313,-0.0313,-0.0313,-0.0313,-0.0313,-0.0313,-0.0313,-0.0313,-0.0313,-0,-0,-0,-0,-0,0,0,0,0,0,0,0.0313,0.0313,0.0313,0.0313,0.0313,0.0313,0.0313,0.0313,0.0313,0.0313,0.0313,0.0313,0.0625,0.0625,0.0625,0.0625,0.0625,0.0625,0.0625,0.0625,0.0625,0.0625,0.0625,0.0938,0.0938,0.0938,0.0938,0.9375,0.9063,0.875,0.8438,0.8125,0.7813,0.75,0.7188,0.6875,0.6563,0.625,0.5938,0.5625,0.5313,0.5,0.4688,0.4375,0.4063,0.375,0.375,0.3438,0.3125,0.2813,0.25,0.2188,0.1875,0.1563,0.125,0.0938,0.0625,0.0313,-0,-0.0313,-0.0625,-0.0938,-0.125,-0.1563,-0.1875,-0.2188,-0.25,-0.2813,-0.3125,-0.3438,-0.375,-0.375,-0.4063,-0.4375,-0.4688,-0.5,-0.5313,-0.5625,-0.5938,-0.625,-0.6563,-0.6875,-0.7188,-0.75,-0.7813,-0.8125,-0.8438,-0.875,-0.9063,-0.9375,-0.9688,-0.5938,-0.5625,-0.5625,-0.5313,-0.5,-0.4688,-0.4688,-0.4375,-0.4063,-0.375,-0.375,-0.3438,-0.3125,-0.2813,-0.2813,-0.25,-0.2188,-0.2188,-0.1875,-0.1563,-0.1563,-0.125,-0.125,-0.0938,-0.0625,-0.0625,-0.0313,-0.0313,0,0.0313,0.0313,0.0625,0.0625,0.0938,0.125,0.125,0.1563,0.1563,0.1875,0.2188,0.2188,0.25,0.2813,0.2813,0.3125,0.3438,0.375,0.375,0.4063,0.4375,0.4688,0.4688,0.5,0.5313,0.5625,0.5625,0.5938,-0.5,-0.4688,-0.4688,-0.4375,-0.4063,-0.4063,-0.375,-0.375,-0.3438,-0.3438,-0.3125,-0.3125,-0.2813,-0.25,-0.25,-0.2188,-0.2188,-0.1875,-0.1875,-0.1563,-0.1563,-0.125,-0.125,-0.0938,-0.0938,-0.0625,-0.0313,-0.0313,0,0.0313,0.0313,0.0625,0.0938,0.0938,0.125,0.125,0.1563,0.1563,0.1875,0.1875,0.2188,0.2188,0.25,0.25,0.2813,0.3125,0.3125,0.3438,0.3438,0.375,0.375,0.4063,0.4063,0.4375,0.4688,0.4688,0.5,0.5313,0.9688,0.9375,0.9063,0.875,0.8438,0.8125,0.7813,0.75,0.7188,0.6875,0.6563,0.625,0.5938,0.5625,0.5313,0.5,0.4688,0.4375,0.4063,0.375,0.3438,0.3125,0.2813,0.25,0.2188,0.1875,0.1563,0.125,0.0938,0.0625,0.0313,-0,-0.0313,-0.0625,-0.0938,-0.125,-0.1563,-0.1875,-0.2188,-0.25,-0.2813,-0.3125,-0.3438,-0.375,-0.4063,-0.4375,-0.4688,-0.5,-0.5313,-0.5625,-0.5938,-0.625,-0.6563,-0.6875,-0.7188,-0.75,-0.7813,-0.8125,-0.8438,-0.875,-0.9063,-0.9375,-0.9688,-1,-0.1875,-0.1875,-0.1875,-0.1563,-0.1563,-0.1563,-0.1563,-0.125,-0.125,-0.125,-0.125,-0.125,-0.125,-0.0938,-0.0938,-0.0938,-0.0938,-0.0938,-0.0625,-0.0625,-0.0625,-0.0625,-0.0625,-0.0313,-0.0313,-0.0313,-0.0313,-0.0313,-0,-0,0,0,0,0.0313,0.0313,0.0313,0.0313,0.0313,0.0625,0.0625,0.0625,0.0625,0.0625,0.0938,0.0938,0.0938,0.0938,0.0938,0.125,0.125,0.125,0.125,0.125,0.125,0.1563,0.1563,0.1563,0.1563,0.1875,0.1875,0.1875,0.1875,-0.8125,-0.7813,-0.75,-0.75,-0.7188,-0.6875,-0.6563,-0.625,-0.5938,-0.5625,-0.5313,-0.5,-0.4688,-0.4375,-0.4063,-0.375,-0.3438,-0.3125,-0.2813,-0.25,-0.2188,-0.1875,-0.1563,-0.125,-0.0938,-0.0625,-0.0313,0,0.0313,0.0625,0.0938,0.125,0.1563,0.1875,0.2188,0.25,0.2813,0.3125,0.3438,0.375,0.4063,0.4375,0.4688,0.5,0.5313,0.5625,0.5938,0.625,0.6563,0.6875,0.7188,0.75,0.75,0.7813,0.8125,0.8438,0.7813,0.75,0.7188,0.6875,0.6563,0.625,0.5938,0.5625,0.5313,0.5,0.4688,0.4375,0.4063,0.375,0.3438,0.3125,0.3125,0.2813,0.25,0.2188,0.1875,0.1875,0.1563,0.125,0.0938,0.0625,0.0625,0.0313,-0,-0.0313,-0.0625,-0.0625,-0.0938,-0.125,-0.1563,-0.1875,-0.1875,-0.2188,-0.25,-0.2813,-0.3125,-0.3125,-0.3438,-0.375,-0.4063,-0.4375,-0.4688,-0.5,-0.5313,-0.5625,-0.5938,-0.625,-0.6563,-0.6875,-0.7188,-0.75,-0.7813,-0.8125,0.25,0.25,0.25,0.2188,0.2188,0.2188,0.1875,0.1875,0.1875,0.1875,0.1563,0.1563,0.1563,0.1563,0.125,0.125,0.125,0.0938,0.0938,0.0938,0.0938,0.0625,0.0625,0.0625,0.0625,0.0313,0.0313,0.0313,0.0313,0,-0,-0,-0.0313,-0.0313,-0.0313,-0.0313,-0.0625,-0.0625,-0.0625,-0.0625,-0.0938,-0.0938,-0.0938,-0.0938,-0.125,-0.125,-0.125,-0.1563,-0.1563,-0.1563,-0.1563,-0.1875,-0.1875,-0.1875,-0.1875,-0.2188,-0.2188,-0.2188,-0.25,-0.25,-0.25,-0.25,-0.9688,-0.9375,-0.9063,-0.875,-0.8438,-0.8125,-0.7813,-0.75,-0.7188,-0.6875,-0.6563,-0.625,-0.5938,-0.5625,-0.5313,-0.5,-0.4688,-0.4375,-0.4063,-0.375,-0.3438,-0.3125,-0.2813,-0.25,-0.2188,-0.1875,-0.1563,-0.125,-0.0938,-0.0625,-0.0313,0,0.0313,0.0625,0.0938,0.125,0.1563,0.1875,0.2188,0.25,0.2813,0.3125,0.3438,0.375,0.4063,0.4375,0.4688,0.5,0.5313,0.5625,0.5938,0.625,0.6563,0.6875,0.7188,0.75,0.7813,0.8125,0.8438,0.875,0.9063,0.9375,0.9688,1,0.4375,0.4375,0.4063,0.4063,0.375,0.375,0.375,0.3438,0.3438,0.3125,0.3125,0.2813,0.2813,0.25,0.25,0.2188,0.2188,0.1875,0.1875,0.1563,0.1563,0.125,0.125,0.0938,0.0938,0.0625,0.0313,0.0313,0,-0,-0,-0.0313,-0.0313,-0.0625,-0.0938,-0.0938,-0.125,-0.125,-0.1563,-0.1563,-0.1875,-0.1875,-0.2188,-0.2188,-0.25,-0.25,-0.2813,-0.2813,-0.3125,-0.3125,-0.3438,-0.3438,-0.375,-0.375,-0.375,-0.4063,-0.4063,-0.4375,-0.4375,-0.4688,0.625,0.5938,0.5625,0.5625,0.5313,0.5313,0.5,0.4688,0.4375,0.4063,0.4063,0.375,0.3438,0.3438,0.3125,0.2813,0.2813,0.25,0.2188,0.1875,0.1563,0.1563,0.125,0.0938,0.0938,0.0625,0.0313,0.0313,-0,-0.0313,-0.0313,-0.0625,-0.0938,-0.0938,-0.125,-0.1563,-0.1563,-0.1875,-0.2188,-0.25,-0.2813,-0.2813,-0.3125,-0.3438,-0.3438,-0.375,-0.4063,-0.4063,-0.4375,-0.4688,-0.5,-0.5313,-0.5313,-0.5625,-0.5625,-0.5938,-0.625,-0.6563,-0.9063,-0.875,-0.8438,-0.8125,-0.7813,-0.75,-0.7188,-0.7188,-0.6875,-0.6563,-0.625,-0.5938,-0.5625,-0.5313,-0.5,-0.4688,-0.4375,-0.4063,-0.375,-0.3438,-0.3125,-0.2813,-0.25,-0.2188,-0.1875,-0.1563,-0.125,-0.0938,-0.0625,-0.0313,0,0.0313,0.0625,0.0938,0.125,0.1563,0.1875,0.2188,0.25,0.2813,0.3125,0.3438,0.375,0.4063,0.4375,0.4688,0.5,0.5313,0.5625,0.5938,0.625,0.6563,0.6875,0.7188,0.7188,0.75,0.7813,0.8125,0.8438,0.875,0.9063,0.9375,0.0313,0.0313,0.0313,0.0313,0.0313,0.0313,0.0313,0,0,0,0,0,0,0,0,0,0,0,0,0,0,0,0,0,0,0,0,0,0,0,0,-0,-0,-0,-0,-0,-0,-0,-0,-0,-0,-0,-0,-0,-0,-0,-0,-0,-0,-0,-0,-0,-0,-0,-0,-0,-0.0313,-0.0313,-0.0313,-0.0313,-0.0313,-0.0313,-0.0313,-0.0313,0.9063,0.875,0.8438,0.8125,0.7813,0.75,0.7188,0.6875,0.6563,0.625,0.5938,0.5625,0.5625,0.5313,0.5,0.4688,0.4375,0.4063,0.375,0.3438,0.3125,0.2813,0.25,0.2188,0.1875,0.1875,0.1563,0.125,0.0938,0.0625,0.0313,-0,-0.0313,-0.0625,-0.0938,-0.125,-0.1563,-0.1875,-0.1875,-0.2188,-0.25,-0.2813,-0.3125,-0.3438,-0.375,-0.4063,-0.4375,-0.4688,-0.5,-0.5313,-0.5625,-0.5625,-0.5938,-0.625,-0.6563,-0.6875,-0.7188,-0.75,-0.7813,-0.8125,-0.8438,-0.875,-0.9063,-0.9375,-0.6563,-0.625,-0.5938,-0.5625,-0.5313,-0.5313,-0.5,-0.4688,-0.4688,-0.4375,-0.4063,-0.375,-0.375,-0.3438,-0.3125,-0.3125,-0.2813,-0.25,-0.25,-0.2188,-0.1875,-0.1875,-0.1563,-0.125,-0.0938,-0.0938,-0.0625,-0.0313,0,0.0313,0.0625,0.0938,0.0938,0.125,0.1563,0.1875,0.1875,0.2188,0.25,0.25,0.2813,0.3125,0.3125,0.3438,0.375,0.375,0.4063,0.4375,0.4688,0.4688,0.5,0.5313,0.5313,0.5625,0.5938,0.625,0.6563,0.6875,-0.4063,-0.4063,-0.375,-0.375,-0.3438,-0.3438,-0.3125,-0.3125,-0.2813,-0.2813,-0.25,-0.25,-0.25,-0.2188,-0.2188,-0.1875,-0.1875,-0.1875,-0.1563,-0.1563,-0.125,-0.125,-0.0938,-0.0938,-0.0938,-0.0625,-0.0625,-0.0313,-0.0313,-0,0,0,0.0313,0.0313,0.0625,0.0625,0.0938,0.0938,0.0938,0.125,0.125,0.1563,0.1563,0.1875,0.1875,0.1875,0.2188,0.2188,0.25,0.25,0.25,0.2813,0.2813,0.3125,0.3125,0.3438,0.3438,0.375,0.375,0.4063,0.4063,0.4375,0.9688,0.9375,0.9063,0.875,0.8438,0.8125,0.7813,0.75,0.7188,0.6875,0.6563,0.625,0.5938,0.5625,0.5313,0.5,0.4688,0.4375,0.4063,0.375,0.3438,0.3125,0.2813,0.25,0.2188,0.1875,0.1563,0.125,0.0938,0.0625,0.0313,-0,-0.0313,-0.0625,-0.0938,-0.125,-0.1563,-0.1875,-0.2188,-0.25,-0.2813,-0.3125,-0.3438,-0.375,-0.4063,-0.4375,-0.4688,-0.5,-0.5313,-0.5625,-0.5938,-0.625,-0.6563,-0.6875,-0.7188,-0.75,-0.7813,-0.8125,-0.8438,-0.875,-0.9063,-0.9375,-0.9688,-1,-0.2813,-0.2813,-0.2813,-0.25,-0.25,-0.25,-0.2188,-0.2188,-0.2188,-0.2188,-0.1875,-0.1875,-0.1875,-0.1563,-0.1563,-0.1563,-0.125,-0.125,-0.125,-0.125,-0.0938,-0.0938,-0.0625,-0.0625,-0.0625,-0.0313,-0.0313,-0.0313,-0.0313,-0,0,0,0.0313,0.0313,0.0313,0.0313,0.0625,0.0625,0.0625,0.0938,0.0938,0.125,0.125,0.125,0.125,0.1563,0.1563,0.1563,0.1875,0.1875,0.1875,0.2188,0.2188,0.2188,0.2188,0.25,0.25,0.25,0.2813,0.2813,0.2813,0.3125,-0.75,-0.7188,-0.7188,-0.6875,-0.6563,-0.625,-0.5938,-0.5625,-0.5313,-0.5,-0.5,-0.4688,-0.4375,-0.4063,-0.375,-0.375,-0.3438,-0.3125,-0.2813,-0.25,-0.2188,-0.1875,-0.1563,-0.125,-0.0938,-0.0625,-0.0625,-0.0313,0,0.0313,0.0625,0.0625,0.0938,0.125,0.1563,0.1875,0.2188,0.25,0.2813,0.3125,0.3438,0.375,0.375,0.4063,0.4375,0.4688,0.5,0.5,0.5313,0.5625,0.5938,0.625,0.6563,0.6875,0.7188,0.7188,0.75,0.7813,0.8438,0.8125,0.7813,0.75,0.7188,0.6875,0.6563,0.625,0.5938,0.5625,0.5313,0.5,0.5,0.4688,0.4375,0.4063,0.375,0.3438,0.3125,0.2813,0.25,0.2188,0.1875,0.1563,0.125,0.0938,0.0625,0.0313,-0,-0.0313,-0.0625,-0.0938,-0.125,-0.1563,-0.1875,-0.2188,-0.25,-0.2813,-0.3125,-0.3438,-0.375,-0.4063,-0.4375,-0.4688,-0.5,-0.5,-0.5313,-0.5625,-0.5938,-0.625,-0.6563,-0.6875,-0.7188,-0.75,-0.7813,-0.8125,-0.8438,-0.875,0.1563,0.1563,0.125,0.125,0.125,0.125,0.125,0.125,0.125,0.0938,0.0938,0.0938,0.0938,0.0938,0.0938,0.0625,0.0625,0.0625,0.0625,0.0625,0.0625,0.0625,0.0313,0.0313,0.0313,0.0313,0.0313,0.0313,0,0,0,-0,-0,-0,-0,-0.0313,-0.0313,-0.0313,-0.0313,-0.0313,-0.0313,-0.0625,-0.0625,-0.0625,-0.0625,-0.0625,-0.0625,-0.0625,-0.0938,-0.0938,-0.0938,-0.0938,-0.0938,-0.0938,-0.125,-0.125,-0.125,-0.125,-0.125,-0.125,-0.125,-0.1563,-0.1563,-0.1563,-0.9375,-0.9063,-0.875,-0.8438,-0.8125,-0.7813,-0.75,-0.7188,-0.6875,-0.6563,-0.625,-0.5938,-0.5625,-0.5313,-0.5,-0.4688,-0.4375,-0.4063,-0.375,-0.3438,-0.3125,-0.2813,-0.25,-0.2188,-0.1875,-0.1563,-0.125,-0.0938,-0.0625,-0.0313,0,0.0313,0.0625,0.0938,0.125,0.1563,0.1875,0.2188,0.25,0.2813,0.3125,0.3438,0.375,0.4063,0.4375,0.4688,0.5,0.5313,0.5625,0.5938,0.625,0.6563,0.6875,0.7188,0.75,0.7813,0.8125,0.8438,0.875,0.9063,0.9375,0.9688,0.5313,0.5313,0.5,0.5,0.4688,0.4375,0.4375,0.4063,0.4063,0.375,0.375,0.3438,0.3438,0.3125,0.2813,0.2813,0.25,0.2188,0.2188,0.1875,0.1875,0.1563,0.125,0.125,0.0938,0.0938,0.0625,0.0625,0.0313,0.0313,-0,-0.0313,-0.0313,-0.0625,-0.0625,-0.0938,-0.0938,-0.125,-0.125,-0.1563,-0.1875,-0.1875,-0.2188,-0.2188,-0.25,-0.2813,-0.2813,-0.3125,-0.3438,-0.3438,-0.375,-0.375,-0.4063,-0.4063,-0.4375,-0.4375,-0.4688,-0.5,-0.5,-0.5313,-0.5313,-0.5625,0.5625,0.5313,0.5313,0.5,0.5,0.4688,0.4375,0.4063,0.4063,0.375,0.375,0.3438,0.3125,0.3125,0.2813,0.2813,0.25,0.2188,0.2188,0.1875,0.1875,0.1563,0.125,0.0938,0.0938,0.0625,0.0625,0.0313,0.0313,-0,-0.0313,-0.0313,-0.0625,-0.0625,-0.0938,-0.0938,-0.125,-0.1563,-0.1875,-0.1875,-0.2188,-0.2188,-0.25,-0.2813,-0.2813,-0.3125,-0.3125,-0.3438,-0.375,-0.375,-0.4063,-0.4063,-0.4375,-0.4688,-0.5,-0.5,-0.5313,-0.5313,-0.5625,-0.5625,-0.9375,-0.9063,-0.875,-0.8438,-0.8125,-0.7813,-0.75,-0.7188,-0.6875,-0.6563,-0.625,-0.5938,-0.5625,-0.5313,-0.5,-0.4688,-0.4375,-0.4063,-0.375,-0.3438,-0.3125,-0.2813,-0.25,-0.2188,-0.1875,-0.1563,-0.125,-0.0938,-0.0625,-0.0313,0,0.0313,0.0625,0.0938,0.125,0.1563,0.1875,0.2188,0.25,0.2813,0.3125,0.3438,0.375,0.4063,0.4375,0.4688,0.5,0.5313,0.5625,0.5938,0.625,0.6563,0.6875,0.7188,0.75,0.7813,0.8125,0.8438,0.875,0.9063,0.9375,0.9688,0.125,0.125,0.125,0.125,0.0938,0.0938,0.0938,0.0938,0.0938,0.0938,0.0938,0.0938,0.0625,0.0625,0.0625,0.0625,0.0625,0.0625,0.0625,0.0625,0.0313,0.0313,0.0313,0.0313,0.0313,0.0313,0.0313,0.0313,0,0,0,-0,-0,-0,-0,-0.0313,-0.0313,-0.0313,-0.0313,-0.0313,-0.0313,-0.0313,-0.0313,-0.0625,-0.0625,-0.0625,-0.0625,-0.0625,-0.0625,-0.0625,-0.0625,-0.0938,-0.0938,-0.0938,-0.0938,-0.0938,-0.0938,-0.0938,-0.0938,-0.125,-0.125,-0.125,-0.125,-0.125,0.8438,0.8125,0.7813,0.7813,0.75,0.7188,0.6875,0.6563,0.625,0.5938,0.5625,0.5313,0.5,0.4688,0.4375,0.4063,0.375,0.3438,0.3125,0.2813,0.25,0.2188,0.1875,0.1563,0.125,0.0938,0.0625,0.0313,-0,-0.0313,-0.0625,-0.0938,-0.125,-0.1563,-0.1875,-0.2188,-0.25,-0.2813,-0.3125,-0.3438,-0.375,-0.4063,-0.4375,-0.4688,-0.5,-0.5313,-0.5625,-0.5938,-0.625,-0.6563,-0.6875,-0.7188,-0.75,-0.7813,-0.7813,-0.8125,-0.8438,-0.875,-0.75,-0.7188,-0.6875,-0.6563,-0.6563,-0.625,-0.5938,-0.5625,-0.5313,-0.5,-0.4688,-0.4688,-0.4375,-0.4063,-0.375,-0.3438,-0.3438,-0.3125,-0.2813,-0.25,-0.25,-0.2188,-0.1875,-0.1563,-0.1563,-0.125,-0.0938,-0.0625,-0.0625,-0.0313,0,0.0313,0.0625,0.0625,0.0938,0.125,0.1563,0.1563,0.1875,0.2188,0.25,0.25,0.2813,0.3125,0.3438,0.3438,0.375,0.4063,0.4375,0.4688,0.4688,0.5,0.5313,0.5625,0.5938,0.625,0.6563,0.6563,0.6875,0.7188,0.75,0.75,-0.3125,-0.3125,-0.2813,-0.2813,-0.25,-0.25,-0.25,-0.2188,-0.2188,-0.2188,-0.1875,-0.1875,-0.1875,-0.1875,-0.1563,-0.1563,-0.1563,-0.125,-0.125,-0.125,-0.0938,-0.0938,-0.0625,-0.0625,-0.0625,-0.0313,-0.0313,-0.0313,-0,0,0,0.0313,0.0313,0.0313,0.0625,0.0625,0.0625,0.0938,0.0938,0.125,0.125,0.125,0.1563,0.1563,0.1563,0.1875,0.1875,0.1875,0.1875,0.2188,0.2188,0.2188,0.25,0.25,0.25,0.2813,0.2813,0.3125,0.3125,0.3125,0.9688,0.9375,0.9063,0.875,0.8438,0.8125,0.7813,0.75,0.7188,0.6875,0.6563,0.625,0.5938,0.5625,0.5313,0.5,0.4688,0.4375,0.4063,0.375,0.3438,0.3125,0.2813,0.25,0.2188,0.1875,0.1563,0.125,0.0938,0.0625,0.0313,-0,-0.0313,-0.0625,-0.0938,-0.125,-0.1563,-0.1875,-0.2188,-0.25,-0.2813,-0.3125,-0.3438,-0.375,-0.4063,-0.4375,-0.4688,-0.5,-0.5313,-0.5625,-0.5938,-0.625,-0.6563,-0.6875,-0.7188,-0.75,-0.7813,-0.8125,-0.8438,-0.875,-0.9063,-0.9375,-0.9688,-1,-0.375,-0.375,-0.3438,-0.3438,-0.3125,-0.3125,-0.3125,-0.2813,-0.2813,-0.25,-0.25,-0.25,-0.2188,-0.1875,-0.1875,-0.1875,-0.1563,-0.1563,-0.125,-0.125,-0.125,-0.0938,-0.0938,-0.0625,-0.0625,-0.0313,-0.0313,-0,0,0,0.0313,0.0313,0.0625,0.0625,0.0938,0.0938,0.125,0.125,0.125,0.1563,0.1563,0.1875,0.1875,0.1875,0.2188,0.25,0.25,0.25,0.2813,0.2813,0.3125,0.3125,0.3125,0.3438,0.3438,0.375,0.375,0.4063,-0.6875,-0.6563,-0.6563,-0.625,-0.5938,-0.5625,-0.5313,-0.5,-0.4688,-0.4375,-0.4063,-0.375,-0.3438,-0.3125,-0.2813,-0.2813,-0.25,-0.2188,-0.1875,-0.1563,-0.125,-0.0938,-0.0625,-0.0313,0,0.0313,0.0625,0.0938,0.125,0.1563,0.1875,0.2188,0.25,0.2813,0.2813,0.3125,0.3438,0.375,0.4063,0.4375,0.4688,0.5,0.5313,0.5625,0.5938,0.625,0.6563,0.6563,0.6875,0.7188,0.875,0.8438,0.8125,0.7813,0.75,0.7188,0.6875,0.6563,0.625,0.5938,0.5625,0.5313,0.5,0.4688,0.4375,0.4063,0.375,0.3438,0.3125,0.2813,0.25,0.2188,0.1875,0.1563,0.125,0.0938,0.0625,0.0313,-0,-0.0313,-0.0625,-0.0938,-0.125,-0.1563,-0.1875,-0.2188,-0.25,-0.2813,-0.3125,-0.3438,-0.375,-0.4063,-0.4375,-0.4688,-0.5,-0.5313,-0.5625,-0.5938,-0.625,-0.6563,-0.6875,-0.7188,-0.75,-0.7813,-0.8125,-0.8438,-0.875,-0.9063,0.0313,0.0313,0.0313,0.0313,0.0313,0.0313,0.0313,0.0313,0.0313,0.0313,0.0313,0.0313,0.0313,0.0313,0.0313,0.0313,0.0313,0.0313,0.0313,0.0313,0.0313,0,0,0,0,0,0,0,0,0,0,-0,-0,-0,-0,-0,-0,-0,-0,-0,-0,-0,-0.0313,-0.0313,-0.0313,-0.0313,-0.0313,-0.0313,-0.0313,-0.0313,-0.0313,-0.0313,-0.0313,-0.0313,-0.0313,-0.0313,-0.0313,-0.0313,-0.0313,-0.0313,-0.0313,-0.0313,-0.0313,-0.0313,-0.9063,-0.875,-0.8438,-0.8125,-0.7813,-0.75,-0.7188,-0.6875,-0.6563,-0.625,-0.5938,-0.5625,-0.5313,-0.5,-0.4688,-0.4375,-0.4063,-0.375,-0.3438,-0.3125,-0.2813,-0.25,-0.2188,-0.1875,-0.1563,-0.125,-0.0938,-0.0625,-0.0313,0,0.0313,0.0625,0.0938,0.125,0.1563,0.1875,0.2188,0.25,0.2813,0.3125,0.3438,0.375,0.4063,0.4375,0.4688,0.5,0.5313,0.5625,0.5938,0.625,0.6563,0.6875,0.7188,0.75,0.7813,0.8125,0.8438,0.875,0.9063,0.9375,0.625,0.5938,0.5938,0.5625,0.5313,0.5313,0.5,0.4688,0.4375,0.4063,0.4063,0.375,0.375,0.3438,0.3125,0.2813,0.25,0.25,0.2188,0.1875,0.1875,0.1563,0.125,0.0938,0.0938,0.0625,0.0313,0.0313,-0,-0.0313,-0.0313,-0.0625,-0.0938,-0.0938,-0.125,-0.1563,-0.1875,-0.1875,-0.2188,-0.25,-0.25,-0.2813,-0.3125,-0.3438,-0.375,-0.375,-0.4063,-0.4063,-0.4375,-0.4688,-0.5,-0.5313,-0.5313,-0.5625,-0.5938,-0.5938,-0.625,-0.6563,0.4688,0.4688,0.4375,0.4063,0.4063,0.375,0.375,0.3438,0.3438,0.3125,0.2813,0.2813,0.25,0.25,0.2188,0.2188,0.1875,0.1563,0.1563,0.125,0.125,0.0938,0.0938,0.0625,0.0313,0.0313,0,-0,-0,-0.0313,-0.0313,-0.0625,-0.0938,-0.0938,-0.125,-0.125,-0.1563,-0.1563,-0.1875,-0.2188,-0.2188,-0.25,-0.25,-0.2813,-0.2813,-0.3125,-0.3438,-0.3438,-0.375,-0.375,-0.4063,-0.4063,-0.4375,-0.4688,-0.4688,-0.4688,-0.9688,-0.9375,-0.9063,-0.875,-0.8438,-0.8125,-0.7813,-0.75,-0.7188,-0.6875,-0.6563,-0.625,-0.5938,-0.5625,-0.5313,-0.5,-0.4688,-0.4375,-0.4063,-0.375,-0.3438,-0.3125,-0.2813,-0.25,-0.2188,-0.1875,-0.1563,-0.125,-0.0938,-0.0625,-0.0313,0,0.0313,0.0625,0.0938,0.125,0.1563,0.1875,0.2188,0.25,0.2813,0.3125,0.3438,0.375,0.4063,0.4375,0.4688,0.5,0.5313,0.5625,0.5938,0.625,0.6563,0.6875,0.7188,0.75,0.7813,0.8125,0.8438,0.875,0.9063,0.9375,0.9688,1,0.2188,0.2188,0.2188,0.2188,0.1875,0.1875,0.1875,0.1875,0.1563,0.1563,0.1563,0.1563,0.125,0.125,0.125,0.125,0.0938,0.0938,0.0938,0.0938,0.0625,0.0625,0.0625,0.0625,0.0313,0.0313,0.0313,0.0313,0,0,-0,-0,-0,-0.0313,-0.0313,-0.0313,-0.0313,-0.0625,-0.0625,-0.0625,-0.0625,-0.0938,-0.0938,-0.0938,-0.0938,-0.125,-0.125,-0.125,-0.125,-0.1563,-0.1563,-0.1563,-0.1563,-0.1875,-0.1875,-0.1875,-0.1875,-0.2188,-0.2188,-0.2188,-0.2188,-0.25,0.7813,0.7813,0.75,0.7188,0.6875,0.6563,0.6563,0.625,0.5938,0.5625,0.5313,0.5,0.4688,0.4375,0.4063,0.375,0.3438,0.3438,0.3125,0.2813,0.25,0.2188,0.1875,0.1563,0.125,0.0938,0.0625,0.0625,0.0313,-0,-0.0313,-0.0625,-0.0625,-0.0938,-0.125,-0.1563,-0.1875,-0.2188,-0.25,-0.2813,-0.3125,-0.3438,-0.3438,-0.375,-0.4063,-0.4375,-0.4688,-0.5,-0.5313,-0.5625,-0.5938,-0.625,-0.6563,-0.6563,-0.6875,-0.7188,-0.75,-0.7813,-0.7813,-0.8125,-0.8125,-0.7813,-0.75,-0.7188,-0.6875,-0.6563,-0.625,-0.5938,-0.5625,-0.5313,-0.5313,-0.5,-0.4688,-0.4375,-0.4063,-0.375,-0.3438,-0.3125,-0.2813,-0.25,-0.2188,-0.2188,-0.1875,-0.1563,-0.125,-0.0938,-0.0625,-0.0625,-0.0313,0,0.0313,0.0625,0.0625,0.0938,0.125,0.1563,0.1875,0.2188,0.2188,0.25,0.2813,0.3125,0.3438,0.375,0.4063,0.4375,0.4688,0.5,0.5313,0.5313,0.5625,0.5938,0.625,0.6563,0.6875,0.7188,0.75,0.7813,0.8125,0.8438,-0.2188,-0.2188,-0.1875,-0.1875,-0.1875,-0.1875,-0.1563,-0.1563,-0.1563,-0.1563,-0.1563,-0.125,-0.125,-0.125,-0.125,-0.125,-0.0938,-0.0938,-0.0938,-0.0938,-0.0625,-0.0625,-0.0625,-0.0625,-0.0625,-0.0313,-0.0313,-0.0313,-0.0313,-0,-0,0,0,0,0.0313,0.0313,0.0313,0.0313,0.0625,0.0625,0.0625,0.0625,0.0625,0.0938,0.0938,0.0938,0.0938,0.125,0.125,0.125,0.125,0.125,0.1563,0.1563,0.1563,0.1563,0.1563,0.1875,0.1875,0.1875,0.1875,0.2188,0.2188,0.2188,0.9688,0.9375,0.9063,0.875,0.8438,0.8125,0.7813,0.75,0.7188,0.6875,0.6563,0.625,0.5938,0.5625,0.5313,0.5,0.4688,0.4375,0.4063,0.375,0.3438,0.3125,0.2813,0.25,0.2188,0.1875,0.1563,0.125,0.0938,0.0625,0.0313,-0,-0.0313,-0.0625,-0.0938,-0.125,-0.1563,-0.1875,-0.2188,-0.25,-0.2813,-0.3125,-0.3438,-0.375,-0.4063,-0.4375,-0.4688,-0.5,-0.5313,-0.5625,-0.5938,-0.625,-0.6563,-0.6875,-0.7188,-0.75,-0.7813,-0.8125,-0.8438,-0.875,-0.9063,-0.9375,-0.9688,-1,-0.4688,-0.4688,-0.4375,-0.4375,-0.4063,-0.375,-0.375,-0.3438,-0.3438,-0.3125,-0.3125,-0.2813,-0.25,-0.25,-0.2188,-0.2188,-0.1875,-0.1875,-0.1563,-0.1563,-0.125,-0.125,-0.0938,-0.0938,-0.0625,-0.0625,-0.0313,-0.0313,-0,0,0,0.0313,0.0313,0.0625,0.0625,0.0938,0.0938,0.125,0.125,0.1563,0.1563,0.1875,0.1875,0.2188,0.2188,0.25,0.25,0.2813,0.3125,0.3125,0.3438,0.3438,0.375,0.375,0.4063,0.4375,0.4375,0.4688,0.4688,0.5,-0.5938,-0.5938,-0.5625,-0.5625,-0.5313,-0.5,-0.5,-0.4688,-0.4375,-0.4375,-0.4063,-0.375,-0.3438,-0.3438,-0.3125,-0.2813,-0.2813,-0.25,-0.25,-0.2188,-0.1875,-0.1875,-0.1563,-0.125,-0.0938,-0.0938,-0.0625,-0.0313,-0.0313,0,0.0313,0.0313,0.0625,0.0938,0.0938,0.125,0.1563,0.1875,0.1875,0.2188,0.25,0.25,0.2813,0.2813,0.3125,0.3438,0.3438,0.375,0.4063,0.4375,0.4375,0.4688,0.5,0.5,0.5313,0.5625,0.5625,0.5938,0.5938,0.625,0.9375,0.9063,0.875,0.8438,0.8125,0.7813,0.75,0.7188,0.6875,0.6563,0.625,0.5938,0.5625,0.5313,0.5,0.4688,0.4375,0.4063,0.375,0.3438,0.3125,0.2813,0.25,0.2188,0.1875,0.1563,0.125,0.0938,0.0625,0.0313,-0,-0.0313,-0.0625,-0.0938,-0.125,-0.1563,-0.1875,-0.2188,-0.25,-0.2813,-0.3125,-0.3438,-0.375,-0.4063,-0.4375,-0.4688,-0.5,-0.5313,-0.5625,-0.5938,-0.625,-0.6563,-0.6875,-0.7188,-0.75,-0.7813,-0.8125,-0.8438,-0.875,-0.9063,-0.9375,-0.9375,-0.0625,-0.0625,-0.0625,-0.0625,-0.0625,-0.0625,-0.0625,-0.0313,-0.0313,-0.0313,-0.0313,-0.0313,-0.0313,-0.0313,-0.0313,-0.0313,-0.0313,-0.0313,-0.0313,-0.0313,-0.0313,-0.0313,-0.0313,-0,-0,-0,-0,-0,-0,-0,-0,0,0,0,0,0,0,0,0,0,0.0313,0.0313,0.0313,0.0313,0.0313,0.0313,0.0313,0.0313,0.0313,0.0313,0.0313,0.0313,0.0313,0.0313,0.0313,0.0313,0.0625,0.0625,0.0625,0.0625,0.0625,0.0625,0.0625,0.0625,-0.875,-0.8438,-0.8125,-0.7813,-0.7813,-0.75,-0.7188,-0.6875,-0.6563,-0.625,-0.5938,-0.5625,-0.5313,-0.5,-0.4688,-0.4375,-0.4063,-0.375,-0.3438,-0.3125,-0.2813,-0.25,-0.2188,-0.1875,-0.1563,-0.1563,-0.125,-0.0938,-0.0625,-0.0313,0,0.0313,0.0625,0.0938,0.125,0.1563,0.1563,0.1875,0.2188,0.25,0.2813,0.3125,0.3438,0.375,0.4063,0.4375,0.4688,0.5,0.5313,0.5625,0.5938,0.625,0.6563,0.6875,0.7188,0.75,0.7813,0.7813,0.8125,0.8438,0.875,0.9063,0.6875,0.6875,0.6563,0.625,0.5938,0.5938,0.5625,0.5313,0.5313,0.5,0.4688,0.4375,0.4375,0.4063,0.375,0.375,0.3438,0.3125,0.2813,0.2813,0.25,0.2188,0.1875,0.1563,0.125,0.125,0.0938,0.0625,0.0313,-0,-0.0313,-0.0625,-0.0938,-0.125,-0.125,-0.1563,-0.1875,-0.2188,-0.25,-0.2813,-0.2813,-0.3125,-0.3438,-0.375,-0.375,-0.4063,-0.4375,-0.4375,-0.4688,-0.5,-0.5313,-0.5313,-0.5625,-0.5938,-0.5938,-0.625,-0.6563,-0.6875,-0.6875,-0.7188,0.375,0.375,0.3438,0.3438,0.3125,0.3125,0.3125,0.2813,0.2813,0.25,0.25,0.25,0.2188,0.2188,0.2188,0.1875,0.1875,0.1563,0.1563,0.1563,0.125,0.125,0.0938,0.0938,0.0938,0.0625,0.0625,0.0625,0.0313,0.0313,0,-0,-0,-0.0313,-0.0313,-0.0625,-0.0625,-0.0625,-0.0938,-0.0938,-0.0938,-0.125,-0.125,-0.1563,-0.1563,-0.1563,-0.1875,-0.1875,-0.2188,-0.2188,-0.2188,-0.25,-0.25,-0.25,-0.2813,-0.2813,-0.3125,-0.3125,-0.3125,-0.3438,-0.3438,-0.375,-0.375,-0.375,-0.9688,-0.9375,-0.9063,-0.875,-0.8438,-0.8125,-0.7813,-0.75,-0.7188,-0.6875,-0.6563,-0.625,-0.5938,-0.5625,-0.5313,-0.5,-0.4688,-0.4375,-0.4063,-0.375,-0.3438,-0.3125,-0.2813,-0.25,-0.2188,-0.1875,-0.1563,-0.125,-0.0938,-0.0625,-0.0313,0,0.0313,0.0625,0.0938,0.125,0.1563,0.1875,0.2188,0.25,0.2813,0.3125,0.3438,0.375,0.4063,0.4375,0.4688,0.5,0.5313,0.5625,0.5938,0.625,0.6563,0.6875,0.7188,0.75,0.7813,0.8125,0.8438,0.875,0.9063,0.9375,0.9688,1,0.3125,0.3125,0.3125,0.2813,0.2813,0.2813,0.25,0.25,0.25,0.2188,0.2188,0.2188,0.1875,0.1875,0.1875,0.1563,0.1563,0.1563,0.125,0.125,0.125,0.0938,0.0938,0.0625,0.0625,0.0625,0.0313,0.0313,0.0313,0,-0,-0,-0.0313,-0.0313,-0.0313,-0.0625,-0.0625,-0.0625,-0.0938,-0.0938,-0.125,-0.125,-0.125,-0.1563,-0.1563,-0.1563,-0.1875,-0.1875,-0.1875,-0.2188,-0.2188,-0.2188,-0.25,-0.25,-0.25,-0.2813,-0.2813,-0.2813,-0.3125,-0.3125,-0.3125,-0.3438,0.7188,0.6875,0.6563,0.625,0.625,0.5938,0.5625,0.5313,0.5313,0.5,0.4688,0.4375,0.4063,0.375,0.3438,0.3438,0.3125,0.2813,0.25,0.2188,0.1875,0.1563,0.1563,0.125,0.0938,0.0625,0.0625,0.0313,-0,-0.0313,-0.0625,-0.0625,-0.0938,-0.125,-0.1563,-0.1563,-0.1875,-0.2188,-0.25,-0.2813,-0.3125,-0.3438,-0.3438,-0.375,-0.4063,-0.4375,-0.4688,-0.5,-0.5313,-0.5313,-0.5625,-0.5938,-0.625,-0.625,-0.6563,-0.6875,-0.7188,-0.75,-0.8438,-0.8125,-0.7813,-0.75,-0.7188,-0.6875,-0.6563,-0.625,-0.5938,-0.5625,-0.5313,-0.5,-0.4688,-0.4375,-0.4063,-0.375,-0.375,-0.3438,-0.3125,-0.2813,-0.25,-0.2188,-0.1875,-0.1563,-0.125,-0.0938,-0.0625,-0.0313,0,0.0313,0.0625,0.0938,0.125,0.1563,0.1875,0.2188,0.25,0.2813,0.3125,0.3438,0.375,0.375,0.4063,0.4375,0.4688,0.5,0.5313,0.5625,0.5938,0.625,0.6563,0.6875,0.7188,0.75,0.7813,0.8125,0.8438,0.875,-0.0938,-0.0938,-0.0938,-0.0938,-0.0938,-0.0938,-0.0938,-0.0938,-0.0938,-0.0625,-0.0625,-0.0625,-0.0625,-0.0625,-0.0625,-0.0625,-0.0625,-0.0625,-0.0313,-0.0313,-0.0313,-0.0313,-0.0313,-0.0313,-0.0313,-0.0313,-0.0313,-0,-0,-0,-0,0,0,0,0,0,0.0313,0.0313,0.0313,0.0313,0.0313,0.0313,0.0313,0.0313,0.0313,0.0625,0.0625,0.0625,0.0625,0.0625,0.0625,0.0625,0.0625,0.0625,0.0938,0.0938,0.0938,0.0938,0.0938,0.0938,0.0938,0.0938,0.0938,0.125,0.9375,0.9063,0.875,0.8438,0.8125,0.7813,0.75,0.7188,0.6875,0.6563,0.625,0.5938,0.5625,0.5313,0.5,0.4688,0.4375,0.4063,0.375,0.3438,0.3125,0.2813,0.25,0.2188,0.1875,0.1563,0.125,0.0938,0.0625,0.0313,-0,-0.0313,-0.0625,-0.0938,-0.125,-0.1563,-0.1875,-0.2188,-0.25,-0.2813,-0.3125,-0.3438,-0.375,-0.4063,-0.4375,-0.4688,-0.5,-0.5313,-0.5625,-0.5938,-0.625,-0.6563,-0.6875,-0.7188,-0.75,-0.7813,-0.8125,-0.8438,-0.875,-0.9063,-0.9375,-0.9688,-0.5625,-0.5625,-0.5313,-0.5,-0.5,-0.4688,-0.4688,-0.4375,-0.4063,-0.375,-0.375,-0.3438,-0.3125,-0.2813,-0.2813,-0.25,-0.2188,-0.1875,-0.1875,-0.1563,-0.1563,-0.125,-0.125,-0.0938,-0.0625,-0.0625,-0.0313,-0.0313,0,0.0313,0.0313,0.0625,0.0625,0.0938,0.125,0.125,0.1563,0.1563,0.1875,0.1875,0.2188,0.25,0.2813,0.2813,0.3125,0.3438,0.375,0.375,0.4063,0.4375,0.4688,0.4688,0.5,0.5,0.5313,0.5625,0.5625,0.5938,-0.5313,-0.5,-0.5,-0.4688,-0.4688,-0.4375,-0.4375,-0.4063,-0.375,-0.3438,-0.3438,-0.3125,-0.3125,-0.2813,-0.2813,-0.25,-0.25,-0.2188,-0.1875,-0.1875,-0.1563,-0.125,-0.125,-0.0938,-0.0938,-0.0625,-0.0313,-0.0313,0,0.0313,0.0313,0.0625,0.0938,0.0938,0.125,0.125,0.1563,0.1875,0.1875,0.2188,0.25,0.25,0.2813,0.2813,0.3125,0.3125,0.3438,0.3438,0.375,0.4063,0.4375,0.4375,0.4688,0.4688,0.5,0.5,0.5313,0.5313,0.9375,0.9063,0.875,0.8438,0.8125,0.7813,0.75,0.7188,0.6875,0.6563,0.625,0.5938,0.5625,0.5313,0.5,0.4688,0.4375,0.4063,0.375,0.3438,0.3125,0.2813,0.25,0.2188,0.1875,0.1563,0.125,0.0938,0.0625,0.0313,-0,-0.0313,-0.0625,-0.0938,-0.125,-0.1563,-0.1875,-0.2188,-0.25,-0.2813,-0.3125,-0.3438,-0.375,-0.4063,-0.4375,-0.4688,-0.5,-0.5313,-0.5625,-0.5938,-0.625,-0.6563,-0.6875,-0.7188,-0.75,-0.7813,-0.8125,-0.8438,-0.875,-0.9063,-0.9375,-0.9688,-0.1563,-0.1563,-0.1563,-0.1563,-0.1563,-0.125,-0.125,-0.125,-0.125,-0.125,-0.125,-0.0938,-0.0938,-0.0938,-0.0938,-0.0938,-0.0938,-0.0625,-0.0625,-0.0625,-0.0625,-0.0625,-0.0625,-0.0313,-0.0313,-0.0313,-0.0313,-0.0313,-0.0313,-0,-0,0,0,0,0.0313,0.0313,0.0313,0.0313,0.0313,0.0313,0.0625,0.0625,0.0625,0.0625,0.0625,0.0625,0.0938,0.0938,0.0938,0.0938,0.0938,0.0938,0.125,0.125,0.125,0.125,0.125,0.125,0.1563,0.1563,0.1563,0.1563,0.1563,0.1563,-0.8438,-0.8125,-0.7813,-0.75,-0.7188,-0.6875,-0.6563,-0.6563,-0.625,-0.5938,-0.5625,-0.5313,-0.5,-0.4688,-0.4375,-0.4063,-0.375,-0.3438,-0.3125,-0.2813,-0.2813,-0.25,-0.2188,-0.1875,-0.1563,-0.125,-0.0938,-0.0625,-0.0313,0,0.0313,0.0625,0.0938,0.125,0.1563,0.1875,0.2188,0.25,0.2813,0.2813,0.3125,0.3438,0.375,0.4063,0.4375,0.4688,0.5,0.5313,0.5625,0.5938,0.625,0.6563,0.6563,0.6875,0.7188,0.75,0.7813,0.8125,0.8438,0.7813,0.75,0.7188,0.6875,0.6563,0.6563,0.625,0.5938,0.5625,0.5313,0.5,0.4688,0.4375,0.4063,0.375,0.3438,0.3125,0.2813,0.25,0.2188,0.1875,0.1875,0.1563,0.125,0.0938,0.0625,0.0625,0.0313,-0,-0.0313,-0.0625,-0.0625,-0.0938,-0.125,-0.1563,-0.1875,-0.1875,-0.2188,-0.25,-0.2813,-0.3125,-0.3438,-0.375,-0.4063,-0.4375,-0.4688,-0.5,-0.5313,-0.5625,-0.5938,-0.625,-0.6563,-0.6563,-0.6875,-0.7188,-0.75,-0.7813,-0.7813,0.2813,0.2813,0.25,0.25,0.25,0.2188,0.2188,0.2188,0.2188,0.1875,0.1875,0.1875,0.1563,0.1563,0.1563,0.1563,0.125,0.125,0.125,0.0938}
vector2={-0,-0,-0,-0,-0,-0,-0,-0,-0,-0,-0,-0,-0,-0,-0,-0,-0,-0,-0,-0,-0,-0,-0,-0,-0,-0,-0,-0,-0,-0,-0,0,0,0,0,0,0,0,0,0,0,0,0,0,0,0,0,0,0,0,0,0,0,0,0,0,0,0,0,0,0,0,0,0,-0.9063,-0.875,-0.8438,-0.8125,-0.7813,-0.75,-0.7188,-0.6875,-0.6563,-0.625,-0.5938,-0.5625,-0.5313,-0.5,-0.4688,-0.4375,-0.4063,-0.375,-0.3438,-0.3125,-0.2813,-0.25,-0.2188,-0.1875,-0.1563,-0.125,-0.0938,-0.0625,-0.0313,0,0.0313,0.0625,0.0938,0.125,0.1563,0.1875,0.2188,0.25,0.2813,0.3125,0.3438,0.375,0.4063,0.4375,0.4688,0.5,0.5313,0.5625,0.5938,0.625,0.6563,0.6875,0.7188,0.75,0.7813,0.8125,0.8438,0.875,0.9063,0.9375,0.6563,0.625,0.625,0.5938,0.5625,0.5625,0.5313,0.5,0.5,0.4688,0.4375,0.4063,0.375,0.3438,0.3438,0.3125,0.2813,0.25,0.2188,0.2188,0.1875,0.1563,0.1563,0.125,0.0938,0.0938,0.0625,0.0313,-0,-0.0313,-0.0625,-0.0938,-0.0938,-0.125,-0.1563,-0.1563,-0.1875,-0.2188,-0.2188,-0.25,-0.2813,-0.3125,-0.3438,-0.3438,-0.375,-0.4063,-0.4375,-0.4688,-0.5,-0.5,-0.5313,-0.5625,-0.5625,-0.5938,-0.625,-0.625,-0.6563,-0.6875,0.4375,0.4063,0.4063,0.375,0.375,0.375,0.3438,0.3125,0.3125,0.2813,0.2813,0.25,0.25,0.25,0.2188,0.2188,0.1875,0.1875,0.1563,0.1563,0.125,0.125,0.125,0.0938,0.0938,0.0625,0.0313,0.0313,0,-0,-0,-0.0313,-0.0313,-0.0625,-0.0938,-0.0938,-0.125,-0.125,-0.125,-0.1563,-0.1563,-0.1875,-0.1875,-0.2188,-0.2188,-0.25,-0.25,-0.25,-0.2813,-0.2813,-0.3125,-0.3125,-0.3438,-0.375,-0.375,-0.375,-0.4063,-0.4063,-0.4375,-0.4375,-0.9688,-0.9375,-0.9063,-0.875,-0.8438,-0.8125,-0.7813,-0.75,-0.7188,-0.6875,-0.6563,-0.625,-0.5938,-0.5625,-0.5313,-0.5,-0.4688,-0.4375,-0.4063,-0.375,-0.3438,-0.3125,-0.2813,-0.25,-0.2188,-0.1875,-0.1563,-0.125,-0.0938,-0.0625,-0.0313,0,0.0313,0.0625,0.0938,0.125,0.1563,0.1875,0.2188,0.25,0.2813,0.3125,0.3438,0.375,0.4063,0.4375,0.4688,0.5,0.5313,0.5625,0.5938,0.625,0.6563,0.6875,0.7188,0.75,0.7813,0.8125,0.8438,0.875,0.9063,0.9375,0.9688,1,0.2813,0.25,0.25,0.25,0.25,0.2188,0.2188,0.2188,0.1875,0.1875,0.1875,0.1875,0.1563,0.1563,0.1563,0.125,0.125,0.125,0.125,0.0938,0.0938,0.0938,0.0938,0.0625,0.0625,0.0625,0.0313,0.0313,0.0313,0.0313,0,-0,-0,-0.0313,-0.0313,-0.0313,-0.0313,-0.0625,-0.0625,-0.0625,-0.0938,-0.0938,-0.0938,-0.0938,-0.125,-0.125,-0.125,-0.125,-0.1563,-0.1563,-0.1563,-0.1875,-0.1875,-0.1875,-0.1875,-0.2188,-0.2188,-0.2188,-0.25,-0.25,-0.25,-0.25,-0.2813,-0.2813,0.7813,0.75,0.7188,0.6875,0.6563,0.625,0.5938,0.5625,0.5313,0.5,0.4688,0.4375,0.4063,0.375,0.3438,0.3125,0.3125,0.2813,0.25,0.2188,0.1875,0.1875,0.1563,0.125,0.0938,0.0625,0.0625,0.0313,-0,-0.0313,-0.0625,-0.0625,-0.0938,-0.125,-0.1563,-0.1875,-0.1875,-0.2188,-0.25,-0.2813,-0.3125,-0.3125,-0.3438,-0.375,-0.4063,-0.4375,-0.4688,-0.5,-0.5313,-0.5625,-0.5938,-0.625,-0.6563,-0.6875,-0.7188,-0.75,-0.7813,-0.8125,-0.7813,-0.75,-0.7188,-0.6875,-0.6563,-0.6563,-0.625,-0.5938,-0.5625,-0.5313,-0.5,-0.4688,-0.4375,-0.4063,-0.375,-0.3438,-0.3125,-0.2813,-0.2813,-0.25,-0.2188,-0.1875,-0.1563,-0.125,-0.0938,-0.0625,-0.0313,0,0.0313,0.0625,0.0938,0.125,0.1563,0.1875,0.2188,0.25,0.2813,0.2813,0.3125,0.3438,0.375,0.4063,0.4375,0.4688,0.5,0.5313,0.5625,0.5938,0.625,0.6563,0.6563,0.6875,0.7188,0.75,0.7813,0.8125,0.8438,-0.1563,-0.1563,-0.1563,-0.1563,-0.1563,-0.1563,-0.125,-0.125,-0.125,-0.125,-0.125,-0.0938,-0.0938,-0.0938,-0.0938,-0.0938,-0.0938,-0.0625,-0.0625,-0.0625,-0.0625,-0.0625,-0.0625,-0.0313,-0.0313,-0.0313,-0.0313,-0.0313,-0.0313,-0,-0,0,0,0,0.0313,0.0313,0.0313,0.0313,0.0313,0.0313,0.0625,0.0625,0.0625,0.0625,0.0625,0.0625,0.0938,0.0938,0.0938,0.0938,0.0938,0.0938,0.125,0.125,0.125,0.125,0.125,0.1563,0.1563,0.1563,0.1563,0.1563,0.1563,0.1875,0.9375,0.9063,0.875,0.8438,0.8125,0.7813,0.75,0.7188,0.6875,0.6563,0.625,0.5938,0.5625,0.5313,0.5,0.4688,0.4375,0.4063,0.375,0.3438,0.3125,0.2813,0.25,0.2188,0.1875,0.1563,0.125,0.0938,0.0625,0.0313,-0,-0.0313,-0.0625,-0.0938,-0.125,-0.1563,-0.1875,-0.2188,-0.25,-0.2813,-0.3125,-0.3438,-0.375,-0.4063,-0.4375,-0.4688,-0.5,-0.5313,-0.5625,-0.5938,-0.625,-0.6563,-0.6875,-0.7188,-0.75,-0.7813,-0.8125,-0.8438,-0.875,-0.9063,-0.9375,-0.9688,-0.5313,-0.5,-0.5,-0.4688,-0.4375,-0.4375,-0.4063,-0.4063,-0.375,-0.3438,-0.3438,-0.3125,-0.3125,-0.2813,-0.25,-0.25,-0.2188,-0.1875,-0.1875,-0.1563,-0.125,-0.125,-0.0938,-0.0938,-0.0625,-0.0313,-0.0313,0,0.0313,0.0313,0.0625,0.0938,0.0938,0.125,0.125,0.1563,0.1875,0.1875,0.2188,0.25,0.25,0.2813,0.3125,0.3125,0.3438,0.3438,0.375,0.4063,0.4063,0.4375,0.4375,0.4688,0.5,0.5,0.5313,0.5313,-0.5625,-0.5625,-0.5313,-0.5,-0.4688,-0.4688,-0.4375,-0.4063,-0.375,-0.375,-0.3438,-0.3125,-0.2813,-0.2813,-0.25,-0.25,-0.2188,-0.2188,-0.1875,-0.1563,-0.1563,-0.125,-0.125,-0.0938,-0.0625,-0.0625,-0.0313,-0.0313,0,0.0313,0.0313,0.0625,0.0625,0.0938,0.125,0.125,0.1563,0.1563,0.1875,0.2188,0.2188,0.25,0.25,0.2813,0.2813,0.3125,0.3438,0.375,0.375,0.4063,0.4375,0.4688,0.4688,0.5,0.5313,0.5625,0.5625,0.5938,0.9375,0.9063,0.875,0.8438,0.8125,0.7813,0.75,0.7188,0.6875,0.6563,0.625,0.5938,0.5625,0.5313,0.5,0.4688,0.4375,0.4063,0.375,0.3438,0.3125,0.2813,0.25,0.2188,0.1875,0.1563,0.125,0.0938,0.0625,0.0313,-0,-0.0313,-0.0625,-0.0938,-0.125,-0.1563,-0.1875,-0.2188,-0.25,-0.2813,-0.3125,-0.3438,-0.375,-0.4063,-0.4375,-0.4688,-0.5,-0.5313,-0.5625,-0.5938,-0.625,-0.6563,-0.6875,-0.7188,-0.75,-0.7813,-0.8125,-0.8438,-0.875,-0.9063,-0.9375,-0.9688,-0.0938,-0.0938,-0.0938,-0.0938,-0.0938,-0.0938,-0.0938,-0.0938,-0.0625,-0.0625,-0.0625,-0.0625,-0.0625,-0.0625,-0.0625,-0.0625,-0.0625,-0.0625,-0.0313,-0.0313,-0.0313,-0.0313,-0.0313,-0.0313,-0.0313,-0.0313,-0.0313,-0,-0,-0,-0,0,0,0,0,0,0.0313,0.0313,0.0313,0.0313,0.0313,0.0313,0.0313,0.0313,0.0313,0.0625,0.0625,0.0625,0.0625,0.0625,0.0625,0.0625,0.0625,0.0625,0.0625,0.0938,0.0938,0.0938,0.0938,0.0938,0.0938,0.0938,0.0938,0.0938,-0.875,-0.8438,-0.8125,-0.7813,-0.75,-0.7188,-0.6875,-0.6563,-0.625,-0.625,-0.5938,-0.5625,-0.5313,-0.5,-0.4688,-0.4375,-0.4063,-0.375,-0.3438,-0.3125,-0.2813,-0.25,-0.2188,-0.1875,-0.1563,-0.125,-0.0938,-0.0625,-0.0313,0,0.0313,0.0625,0.0938,0.125,0.1563,0.1875,0.2188,0.25,0.2813,0.3125,0.3438,0.375,0.4063,0.4375,0.4688,0.5,0.5313,0.5625,0.5938,0.625,0.625,0.6563,0.6875,0.7188,0.75,0.7813,0.8125,0.8438,0.875,0.875,0.7188,0.6875,0.6563,0.625,0.625,0.5938,0.5625,0.5313,0.5,0.4688,0.4375,0.4375,0.4063,0.375,0.3438,0.3438,0.3125,0.2813,0.25,0.2188,0.1875,0.1563,0.1563,0.125,0.0938,0.0625,0.0625,0.0313,-0,-0.0313,-0.0625,-0.0625,-0.0938,-0.125,-0.1563,-0.1563,-0.1875,-0.2188,-0.25,-0.2813,-0.3125,-0.3438,-0.3438,-0.375,-0.4063,-0.4375,-0.4375,-0.4688,-0.5,-0.5313,-0.5625,-0.5938,-0.625,-0.625,-0.6563,-0.6875,-0.7188,-0.75,0.3438,0.3125,0.3125,0.3125,0.2813,0.2813,0.2813,0.25,0.25,0.25,0.2188,0.2188,0.2188,0.1875,0.1875,0.1563,0.1563,0.1563,0.125,0.125,0.125,0.0938,0.0938,0.0625,0.0625,0.0625,0.0313,0.0313,0.0313,0,-0,-0,-0.0313,-0.0313,-0.0313,-0.0625,-0.0625,-0.0625,-0.0938,-0.0938,-0.125,-0.125,-0.125,-0.1563,-0.1563,-0.1563,-0.1875,-0.1875,-0.2188,-0.2188,-0.2188,-0.25,-0.25,-0.25,-0.2813,-0.2813,-0.2813,-0.3125,-0.3125,-0.3125,-0.3438,-0.3438,-0.9688,-0.9375,-0.9063,-0.875,-0.8438,-0.8125,-0.7813,-0.75,-0.7188,-0.6875,-0.6563,-0.625,-0.5938,-0.5625,-0.5313,-0.5,-0.4688,-0.4375,-0.4063,-0.375,-0.3438,-0.3125,-0.2813,-0.25,-0.2188,-0.1875,-0.1563,-0.125,-0.0938,-0.0625,-0.0313,0,0.0313,0.0625,0.0938,0.125,0.1563,0.1875,0.2188,0.25,0.2813,0.3125,0.3438,0.375,0.4063,0.4375,0.4688,0.5,0.5313,0.5625,0.5938,0.625,0.6563,0.6875,0.7188,0.75,0.7813,0.8125,0.8438,0.875,0.9063,0.9375,0.9688,1,0.375,0.3438,0.3438,0.3438,0.3125,0.3125,0.3125,0.2813,0.2813,0.25,0.25,0.25,0.2188,0.2188,0.1875,0.1875,0.1875,0.1563,0.1563,0.1563,0.125,0.125,0.0938,0.0938,0.0938,0.0625,0.0625,0.0625,0.0313,0.0313,0,-0,-0,-0.0313,-0.0313,-0.0625,-0.0625,-0.0625,-0.0938,-0.0938,-0.0938,-0.125,-0.125,-0.1563,-0.1563,-0.1563,-0.1875,-0.1875,-0.1875,-0.2188,-0.2188,-0.25,-0.25,-0.25,-0.2813,-0.2813,-0.3125,-0.3125,-0.3125,-0.3438,-0.3438,-0.3438,-0.375,-0.375,0.6875,0.6563,0.625,0.5938,0.5625,0.5313,0.5313,0.5,0.4688,0.4375,0.4375,0.4063,0.375,0.375,0.3438,0.3125,0.2813,0.2813,0.25,0.2188,0.2188,0.1875,0.1563,0.125,0.125,0.0938,0.0625,0.0313,-0,-0.0313,-0.0625,-0.0938,-0.125,-0.125,-0.1563,-0.1875,-0.2188,-0.2188,-0.25,-0.2813,-0.2813,-0.3125,-0.3438,-0.375,-0.375,-0.4063,-0.4375,-0.4375,-0.4688,-0.5,-0.5313,-0.5313,-0.5625,-0.5938,-0.625,-0.6563,-0.6875,-0.7188,-0.875,-0.8438,-0.8125,-0.7813,-0.75,-0.7188,-0.6875,-0.6563,-0.625,-0.5938,-0.5625,-0.5313,-0.5,-0.4688,-0.4375,-0.4375,-0.4063,-0.375,-0.3438,-0.3125,-0.2813,-0.25,-0.2188,-0.1875,-0.1563,-0.1563,-0.125,-0.0938,-0.0625,-0.0313,0,0.0313,0.0625,0.0938,0.125,0.1563,0.1563,0.1875,0.2188,0.25,0.2813,0.3125,0.3438,0.375,0.4063,0.4375,0.4375,0.4688,0.5,0.5313,0.5625,0.5938,0.625,0.6563,0.6875,0.7188,0.75,0.7813,0.8125,0.8438,0.875,0.9063,-0.0625,-0.0625,-0.0625,-0.0625,-0.0625,-0.0625,-0.0625,-0.0625,-0.0625,-0.0313,-0.0313,-0.0313,-0.0313,-0.0313,-0.0313,-0.0313,-0.0313,-0.0313,-0.0313,-0.0313,-0.0313,-0.0313,-0.0313,-0.0313,-0,-0,-0,-0,-0,-0,-0,0,0,0,0,0,0,0,0,0.0313,0.0313,0.0313,0.0313,0.0313,0.0313,0.0313,0.0313,0.0313,0.0313,0.0313,0.0313,0.0313,0.0313,0.0313,0.0625,0.0625,0.0625,0.0625,0.0625,0.0625,0.0625,0.0625,0.0625,0.0625,0.9375,0.9063,0.875,0.8438,0.8125,0.7813,0.75,0.7188,0.6875,0.6563,0.625,0.5938,0.5625,0.5313,0.5,0.4688,0.4375,0.4063,0.375,0.3438,0.3125,0.2813,0.25,0.2188,0.1875,0.1563,0.125,0.0938,0.0625,0.0313,-0,-0.0313,-0.0625,-0.0938,-0.125,-0.1563,-0.1875,-0.2188,-0.25,-0.2813,-0.3125,-0.3438,-0.375,-0.4063,-0.4375,-0.4688,-0.5,-0.5313,-0.5625,-0.5938,-0.625,-0.6563,-0.6875,-0.7188,-0.75,-0.7813,-0.8125,-0.8438,-0.875,-0.9063,-0.9375,-0.9688,-0.5938,-0.5938,-0.5625,-0.5313,-0.5313,-0.5,-0.4688,-0.4375,-0.4375,-0.4063,-0.375,-0.375,-0.3438,-0.3438,-0.3125,-0.2813,-0.2813,-0.25,-0.2188,-0.1875,-0.1875,-0.1563,-0.125,-0.0938,-0.0625,-0.0625,-0.0313,-0.0313,0,0.0313,0.0313,0.0625,0.0625,0.0938,0.125,0.1563,0.1875,0.1875,0.2188,0.25,0.2813,0.2813,0.3125,0.3438,0.3438,0.375,0.375,0.4063,0.4375,0.4375,0.4688,0.5,0.5313,0.5313,0.5625,0.5938,0.5938,0.625,-0.5,-0.4688,-0.4688,-0.4375,-0.4375,-0.4063,-0.375,-0.375,-0.3438,-0.3438,-0.3125,-0.3125,-0.2813,-0.2813,-0.25,-0.25,-0.2188,-0.2188,-0.1875,-0.1563,-0.1563,-0.125,-0.125,-0.0938,-0.0938,-0.0625,-0.0313,-0.0313,0,0.0313,0.0313,0.0625,0.0938,0.0938,0.125,0.125,0.1563,0.1563,0.1875,0.2188,0.2188,0.25,0.25,0.2813,0.2813,0.3125,0.3125,0.3438,0.3438,0.375,0.375,0.4063,0.4375,0.4375,0.4688,0.4688,0.5,0.5,0.9688,0.9375,0.9063,0.875,0.8438,0.8125,0.7813,0.75,0.7188,0.6875,0.6563,0.625,0.5938,0.5625,0.5313,0.5,0.4688,0.4375,0.4063,0.375,0.3438,0.3125,0.2813,0.25,0.2188,0.1875,0.1563,0.125,0.0938,0.0625,0.0313,-0,-0.0313,-0.0625,-0.0938,-0.125,-0.1563,-0.1875,-0.2188,-0.25,-0.2813,-0.3125,-0.3438,-0.375,-0.4063,-0.4375,-0.4688,-0.5,-0.5313,-0.5625,-0.5938,-0.625,-0.6563,-0.6875,-0.7188,-0.75,-0.7813,-0.8125,-0.8438,-0.875,-0.9063,-0.9375,-0.9688,-1,-0.2188,-0.1875,-0.1875,-0.1875,-0.1875,-0.1875,-0.1563,-0.1563,-0.1563,-0.1563,-0.125,-0.125,-0.125,-0.125,-0.0938,-0.0938,-0.0938,-0.0938,-0.0938,-0.0625,-0.0625,-0.0625,-0.0625,-0.0625,-0.0313,-0.0313,-0.0313,-0.0313,-0,-0,0,0,0,0.0313,0.0313,0.0313,0.0313,0.0625,0.0625,0.0625,0.0625,0.0625,0.0938,0.0938,0.0938,0.0938,0.0938,0.125,0.125,0.125,0.125,0.1563,0.1563,0.1563,0.1563,0.1875,0.1875,0.1875,0.1875,0.1875,0.2188,0.2188,-0.8125,-0.7813,-0.75,-0.7188,-0.6875,-0.6875,-0.6563,-0.625,-0.5938,-0.5625,-0.5313,-0.5313,-0.5,-0.4688,-0.4375,-0.4063,-0.375,-0.3438,-0.3125,-0.2813,-0.25,-0.2188,-0.2188,-0.1875,-0.1563,-0.125,-0.0938,-0.0625,-0.0625,-0.0313,0,0.0313,0.0625,0.0625,0.0938,0.125,0.1563,0.1875,0.2188,0.2188,0.25,0.2813,0.3125,0.3438,0.375,0.4063,0.4375,0.4688,0.5,0.5313,0.5313,0.5625,0.5938,0.625,0.6563,0.6875,0.6875,0.7188,0.75,0.7813,0.8125,0.8438,0.7813,0.7813,0.75,0.7188,0.6875,0.6563,0.625,0.5938,0.5625,0.5313,0.5,0.5,0.4688,0.4375,0.4063,0.375,0.3438,0.3438,0.3125,0.2813,0.25,0.2188,0.1875,0.1563,0.125,0.0938,0.0625,0.0625,0.0313,-0,-0.0313,-0.0625,-0.0625,-0.0938,-0.125,-0.1563,-0.1875,-0.2188,-0.25,-0.2813,-0.3125,-0.3438,-0.3438,-0.375,-0.4063,-0.4375,-0.4688,-0.5,-0.5,-0.5313,-0.5625,-0.5938,-0.625,-0.6563,-0.6875,-0.7188,-0.75,-0.7813,-0.7813,-0.8125,0.2188,0.2188,0.2188,0.2188,0.1875,0.1875,0.1875,0.1875,0.1875,0.1563,0.1563,0.1563,0.1563,0.125,0.125,0.125,0.0938,0.0938,0.0938,0.0938,0.0625,0.0625,0.0625,0.0625,0.0313,0.0313,0.0313,0.0313,0,0,-0,-0,-0,-0.0313,-0.0313,-0.0313,-0.0313,-0.0625,-0.0625,-0.0625,-0.0625,-0.0938,-0.0938,-0.0938,-0.0938,-0.125,-0.125,-0.125,-0.1563,-0.1563,-0.1563,-0.1563,-0.1875,-0.1875,-0.1875,-0.1875,-0.1875,-0.2188,-0.2188,-0.2188,-0.2188,-0.25,-0.9688,-0.9375,-0.9063,-0.875,-0.8438,-0.8125,-0.7813,-0.75,-0.7188,-0.6875,-0.6563,-0.625,-0.5938,-0.5625,-0.5313,-0.5,-0.4688,-0.4375,-0.4063,-0.375,-0.3438,-0.3125,-0.2813,-0.25,-0.2188,-0.1875,-0.1563,-0.125,-0.0938,-0.0625,-0.0313,0,0.0313,0.0625,0.0938,0.125,0.1563,0.1875,0.2188,0.25,0.2813,0.3125,0.3438,0.375,0.4063,0.4375,0.4688,0.5,0.5313,0.5625,0.5938,0.625,0.6563,0.6875,0.7188,0.75,0.7813,0.8125,0.8438,0.875,0.9063,0.9375,0.9688,1,0.4688,0.4375,0.4375,0.4063,0.4063,0.375,0.375,0.3438,0.3438,0.3438,0.3125,0.2813,0.2813,0.25,0.25,0.2188,0.2188,0.1875,0.1563,0.1563,0.125,0.125,0.0938,0.0938,0.0625,0.0313,0.0313,0,-0,-0,-0.0313,-0.0313,-0.0625,-0.0938,-0.0938,-0.125,-0.125,-0.1563,-0.1563,-0.1875,-0.2188,-0.2188,-0.25,-0.25,-0.2813,-0.2813,-0.3125,-0.3438,-0.3438,-0.3438,-0.375,-0.375,-0.4063,-0.4063,-0.4375,-0.4375,-0.4688,-0.4688,0.625,0.5938,0.5938,0.5625,0.5313,0.5313,0.5,0.4688,0.4375,0.4375,0.4063,0.375,0.375,0.3438,0.3125,0.3125,0.2813,0.25,0.25,0.2188,0.1875,0.1875,0.1563,0.1563,0.125,0.0938,0.0938,0.0625,0.0313,0.0313,-0,-0.0313,-0.0313,-0.0625,-0.0938,-0.0938,-0.125,-0.1563,-0.1563,-0.1875,-0.1875,-0.2188,-0.25,-0.25,-0.2813,-0.3125,-0.3125,-0.3438,-0.375,-0.375,-0.4063,-0.4375,-0.4375,-0.4688,-0.5,-0.5313,-0.5313,-0.5625,-0.5938,-0.5938,-0.625,-0.6563,-0.9063,-0.875,-0.8438,-0.8125,-0.7813,-0.75,-0.7188,-0.6875,-0.6563,-0.625,-0.5938,-0.5625,-0.5313,-0.5,-0.4688,-0.4375,-0.4063,-0.375,-0.3438,-0.3125,-0.2813,-0.25,-0.2188,-0.1875,-0.1563,-0.125,-0.0938,-0.0625,-0.0313,0,0.0313,0.0625,0.0938,0.125,0.1563,0.1875,0.2188,0.25,0.2813,0.3125,0.3438,0.375,0.4063,0.4375,0.4688,0.5,0.5313,0.5625,0.5938,0.625,0.6563,0.6875,0.7188,0.75,0.7813,0.8125,0.8438,0.875,0.9063,0.9375,0.0313,0.0313,0.0313,0.0313,0.0313,0.0313,0.0313,0.0313,0.0313,0.0313,0.0313,0.0313,0.0313,0.0313,0.0313,0.0313,0.0313,0.0313,0.0313,0,0,0,0,0,0,0,0,0,0,0,0,-0,-0,-0,-0,-0,-0,-0,-0,-0,-0,-0,-0,-0,-0.0313,-0.0313,-0.0313,-0.0313,-0.0313,-0.0313,-0.0313,-0.0313,-0.0313,-0.0313,-0.0313,-0.0313,-0.0313,-0.0313,-0.0313,-0.0313,-0.0313,-0.0313,-0.0313,-0.0313,0.875,0.8438,0.8125,0.7813,0.75,0.7188,0.6875,0.6563,0.625,0.5938,0.5625,0.5313,0.5,0.4688,0.4375,0.4063,0.375,0.3438,0.3125,0.2813,0.25,0.2188,0.1875,0.1563,0.125,0.0938,0.0625,0.0313,-0,-0.0313,-0.0625,-0.0938,-0.125,-0.1563,-0.1875,-0.2188,-0.25,-0.2813,-0.3125,-0.3438,-0.375,-0.4063,-0.4375,-0.4688,-0.5,-0.5313,-0.5625,-0.5938,-0.625,-0.6563,-0.6875,-0.7188,-0.75,-0.7813,-0.8125,-0.8438,-0.875,-0.9063,-0.6875,-0.6563,-0.625,-0.625,-0.5938,-0.5625,-0.5313,-0.5,-0.4688,-0.4375,-0.4063,-0.375,-0.3438,-0.3125,-0.2813,-0.25,-0.25,-0.2188,-0.1875,-0.1563,-0.125,-0.0938,-0.0625,-0.0313,0,0.0313,0.0625,0.0938,0.125,0.1563,0.1875,0.2188,0.25,0.25,0.2813,0.3125,0.3438,0.375,0.4063,0.4375,0.4688,0.5,0.5313,0.5625,0.5938,0.625,0.625,0.6563,0.6875,0.7188,-0.4063,-0.375,-0.3438,-0.3438,-0.3438,-0.3125,-0.3125,-0.2813,-0.2813,-0.2813,-0.25,-0.25,-0.2188,-0.1875,-0.1875,-0.1875,-0.1563,-0.1563,-0.125,-0.125,-0.125,-0.0938,-0.0938,-0.0625,-0.0625,-0.0313,-0.0313,-0,0,0,0.0313,0.0313,0.0625,0.0625,0.0938,0.0938,0.125,0.125,0.125,0.1563,0.1563,0.1875,0.1875,0.1875,0.2188,0.25,0.25,0.2813,0.2813,0.2813,0.3125,0.3125,0.3438,0.3438,0.3438,0.375,0.4063,0.4063,0.9688,0.9375,0.9063,0.875,0.8438,0.8125,0.7813,0.75,0.7188,0.6875,0.6563,0.625,0.5938,0.5625,0.5313,0.5,0.4688,0.4375,0.4063,0.375,0.3438,0.3125,0.2813,0.25,0.2188,0.1875,0.1563,0.125,0.0938,0.0625,0.0313,-0,-0.0313,-0.0625,-0.0938,-0.125,-0.1563,-0.1875,-0.2188,-0.25,-0.2813,-0.3125,-0.3438,-0.375,-0.4063,-0.4375,-0.4688,-0.5,-0.5313,-0.5625,-0.5938,-0.625,-0.6563,-0.6875,-0.7188,-0.75,-0.7813,-0.8125,-0.8438,-0.875,-0.9063,-0.9375,-0.9688,-1,-0.3125,-0.3125,-0.2813,-0.2813,-0.25,-0.25,-0.25,-0.2188,-0.2188,-0.2188,-0.1875,-0.1875,-0.1875,-0.1563,-0.1563,-0.1563,-0.125,-0.125,-0.125,-0.125,-0.0938,-0.0938,-0.0625,-0.0625,-0.0625,-0.0313,-0.0313,-0.0313,-0,0,0,0.0313,0.0313,0.0313,0.0625,0.0625,0.0625,0.0938,0.0938,0.125,0.125,0.125,0.125,0.1563,0.1563,0.1563,0.1875,0.1875,0.1875,0.2188,0.2188,0.2188,0.25,0.25,0.25,0.2813,0.2813,0.3125,0.3125,0.3125,-0.75,-0.7188,-0.6875,-0.6563,-0.6563,-0.625,-0.5938,-0.5625,-0.5313,-0.5,-0.4688,-0.4688,-0.4375,-0.4063,-0.375,-0.3438,-0.3125,-0.2813,-0.25,-0.25,-0.2188,-0.1875,-0.1563,-0.125,-0.0938,-0.0625,-0.0625,-0.0313,0,0.0313,0.0625,0.0625,0.0938,0.125,0.1563,0.1875,0.2188,0.25,0.25,0.2813,0.3125,0.3438,0.375,0.4063,0.4375,0.4688,0.4688,0.5,0.5313,0.5625,0.5938,0.625,0.6563,0.6563,0.6875,0.7188,0.75,0.7813,0.8438,0.8125,0.7813,0.75,0.7188,0.6875,0.6563,0.625,0.5938,0.5625,0.5313,0.5,0.4688,0.4375,0.4063,0.375,0.3438,0.3125,0.2813,0.25,0.2188,0.1875,0.1563,0.125,0.0938,0.0625,0.0313,-0,-0.0313,-0.0625,-0.0938,-0.125,-0.1563,-0.1875,-0.2188,-0.25,-0.2813,-0.3125,-0.3438,-0.375,-0.4063,-0.4375,-0.4688,-0.5,-0.5313,-0.5625,-0.5938,-0.625,-0.6563,-0.6875,-0.7188,-0.75,-0.7813,-0.8125,-0.8438,-0.875,0.125,0.125,0.125,0.125,0.125,0.0938,0.0938,0.0938,0.0938,0.0938,0.0938,0.0938,0.0938,0.0625,0.0625,0.0625,0.0625,0.0625,0.0625,0.0625,0.0313,0.0313,0.0313,0.0313,0.0313,0.0313,0.0313,0.0313,0,0,0,-0,-0,-0,-0,-0.0313,-0.0313,-0.0313,-0.0313,-0.0313,-0.0313,-0.0313,-0.0313,-0.0625,-0.0625,-0.0625,-0.0625,-0.0625,-0.0625,-0.0625,-0.0938,-0.0938,-0.0938,-0.0938,-0.0938,-0.0938,-0.0938,-0.0938,-0.125,-0.125,-0.125,-0.125,-0.125,-0.125,-0.9375,-0.9063,-0.875,-0.8438,-0.8125,-0.7813,-0.75,-0.7188,-0.6875,-0.6563,-0.625,-0.5938,-0.5625,-0.5313,-0.5,-0.4688,-0.4375,-0.4063,-0.375,-0.3438,-0.3125,-0.2813,-0.25,-0.2188,-0.1875,-0.1563,-0.125,-0.0938,-0.0625,-0.0313,0,0.0313,0.0625,0.0938,0.125,0.1563,0.1875,0.2188,0.25,0.2813,0.3125,0.3438,0.375,0.4063,0.4375,0.4688,0.5,0.5313,0.5625,0.5938,0.625,0.6563,0.6875,0.7188,0.75,0.7813,0.8125,0.8438,0.875,0.9063,0.9375,0.9688,0.5625,0.5313,0.5313,0.5,0.4688,0.4688,0.4375,0.4375,0.4063,0.4063,0.375,0.3438,0.3125,0.3125,0.2813,0.2813,0.25,0.2188,0.2188,0.1875,0.1875,0.1563,0.125,0.0938,0.0938,0.0625,0.0625,0.0313,0.0313,-0,-0.0313,-0.0313,-0.0625,-0.0625,-0.0938,-0.0938,-0.125,-0.1563,-0.1875,-0.1875,-0.2188,-0.2188,-0.25,-0.2813,-0.2813,-0.3125,-0.3125,-0.3438,-0.375,-0.4063,-0.4063,-0.4375,-0.4375,-0.4688,-0.4688,-0.5,-0.5313,-0.5313,-0.5625,-0.5625,0.5313,0.5313,0.5,0.5,0.4688,0.4375,0.4063,0.4063,0.375,0.375,0.3438,0.3438,0.3125,0.2813,0.2813,0.25,0.2188,0.2188,0.1875,0.1875,0.1563,0.125,0.125,0.0938,0.0938,0.0625,0.0625,0.0313,0.0313,-0,-0.0313,-0.0313,-0.0625,-0.0625,-0.0938,-0.0938,-0.125,-0.125,-0.1563,-0.1875,-0.1875,-0.2188,-0.2188,-0.25,-0.2813,-0.2813,-0.3125,-0.3438,-0.3438,-0.375,-0.375,-0.4063,-0.4063,-0.4375,-0.4688,-0.5,-0.5,-0.5313,-0.5313,-0.5625,-0.9375,-0.9063,-0.875,-0.8438,-0.8125,-0.7813,-0.75,-0.7188,-0.6875,-0.6563,-0.625,-0.625,-0.5938,-0.5625,-0.5313,-0.5,-0.4688,-0.4375,-0.4063,-0.375,-0.3438,-0.3125,-0.2813,-0.25,-0.2188,-0.1875,-0.1563,-0.125,-0.0938,-0.0625,-0.0313,0,0.0313,0.0625,0.0938,0.125,0.1563,0.1875,0.2188,0.25,0.2813,0.3125,0.3438,0.375,0.4063,0.4375,0.4688,0.5,0.5313,0.5625,0.5938,0.625,0.625,0.6563,0.6875,0.7188,0.75,0.7813,0.8125,0.8438,0.875,0.9063,0.9375,0.9688,0.1563,0.125,0.125,0.125,0.125,0.125,0.125,0.125,0.0938,0.0938,0.0938,0.0938,0.0938,0.0938,0.0938,0.0625,0.0625,0.0625,0.0625,0.0625,0.0625,0.0313,0.0313,0.0313,0.0313,0.0313,0.0313,0.0313,0,0,0,-0,-0,-0,-0,-0.0313,-0.0313,-0.0313,-0.0313,-0.0313,-0.0313,-0.0313,-0.0625,-0.0625,-0.0625,-0.0625,-0.0625,-0.0625,-0.0938,-0.0938,-0.0938,-0.0938,-0.0938,-0.0938,-0.0938,-0.125,-0.125,-0.125,-0.125,-0.125,-0.125,-0.125,-0.1563,-0.1563,0.8438,0.8125,0.7813,0.75,0.7188,0.6875,0.6563,0.625,0.5938,0.5625,0.5313,0.5,0.4688,0.4375,0.4063,0.375,0.3438,0.3125,0.3125,0.2813,0.25,0.2188,0.1875,0.1563,0.125,0.0938,0.0938,0.0625,0.0313,-0,-0.0313,-0.0625,-0.0938,-0.0938,-0.125,-0.1563,-0.1875,-0.2188,-0.25,-0.2813,-0.3125,-0.3125,-0.3438,-0.375,-0.4063,-0.4375,-0.4688,-0.5,-0.5313,-0.5625,-0.5938,-0.625,-0.6563,-0.6875,-0.7188,-0.75,-0.7813,-0.8125,-0.8438,-0.875,-0.75,-0.7188,-0.7188,-0.6875,-0.6563,-0.625,-0.5938,-0.5938,-0.5625,-0.5313,-0.5,-0.4688,-0.4375,-0.4063,-0.375,-0.375,-0.3438,-0.3125,-0.2813,-0.2813,-0.25,-0.2188,-0.1875,-0.1563,-0.125,-0.0938,-0.0625,-0.0625,-0.0313,0,0.0313,0.0625,0.0625,0.0938,0.125,0.1563,0.1875,0.2188,0.25,0.2813,0.2813,0.3125,0.3438,0.375,0.375,0.4063,0.4375,0.4688,0.5,0.5313,0.5625,0.5938,0.5938,0.625,0.6563,0.6875,0.7188,0.7188,0.75,0.7813,-0.2813,-0.2813,-0.2813,-0.2813,-0.25,-0.25,-0.25,-0.2188,-0.2188,-0.2188,-0.1875,-0.1875,-0.1875,-0.1563,-0.1563,-0.1563,-0.1563,-0.125,-0.125,-0.125,-0.0938,-0.0938,-0.0625,-0.0625,-0.0625,-0.0625,-0.0313,-0.0313,-0.0313,-0,0,0,0.0313,0.0313,0.0313,0.0625,0.0625,0.0625,0.0625,0.0938,0.0938,0.125,0.125,0.125,0.1563,0.1563,0.1563,0.1563,0.1875,0.1875,0.1875,0.2188,0.2188,0.2188,0.25,0.25,0.25,0.2813,0.2813,0.2813,0.2813,0.3125,0.9688,0.9375,0.9063,0.875,0.8438,0.8125,0.7813,0.75,0.7188,0.6875,0.6563,0.625,0.5938,0.5625,0.5313,0.5,0.4688,0.4375,0.4063,0.375,0.3438,0.3125,0.2813,0.25,0.2188,0.1875,0.1563,0.125,0.0938,0.0625,0.0313,-0,-0.0313,-0.0625,-0.0938,-0.125,-0.1563,-0.1875,-0.2188,-0.25,-0.2813,-0.3125,-0.3438,-0.375,-0.4063,-0.4375,-0.4688,-0.5,-0.5313,-0.5625,-0.5938,-0.625,-0.6563,-0.6875,-0.7188,-0.75,-0.7813,-0.8125,-0.8438,-0.875,-0.9063,-0.9375,-0.9688,-1,-0.4063,-0.4063,-0.375,-0.375,-0.3438,-0.3438,-0.3125,-0.3125,-0.3125,-0.2813,-0.2813,-0.25,-0.25,-0.25,-0.2188,-0.1875,-0.1875,-0.1563,-0.1563,-0.1563,-0.125,-0.125,-0.0938,-0.0938,-0.0938,-0.0625,-0.0625,-0.0313,-0.0313,-0,0,0,0.0313,0.0313,0.0625,0.0625,0.0938,0.0938,0.0938,0.125,0.125,0.1563,0.1563,0.1563,0.1875,0.1875,0.2188,0.25,0.25,0.25,0.2813,0.2813,0.3125,0.3125,0.3125,0.3438,0.3438,0.375,0.375,0.4063,0.4063,0.4063,-0.6875,-0.6563,-0.625,-0.5938,-0.5938,-0.5625,-0.5313,-0.5313,-0.5,-0.4688,-0.4688,-0.4375,-0.4063,-0.375,-0.375,-0.3438,-0.3125,-0.3125,-0.2813,-0.25,-0.25,-0.2188,-0.1875,-0.1563,-0.125,-0.0938,-0.0938,-0.0625,-0.0313,0,0.0313,0.0625,0.0938,0.0938,0.125,0.1563,0.1875,0.2188,0.25,0.25,0.2813,0.3125,0.3125,0.3438,0.375,0.375,0.4063,0.4375,0.4688,0.4688,0.5,0.5313,0.5313,0.5625,0.5938,0.5938,0.625,0.6563,0.6875,0.6875,0.9063,0.875,0.8438,0.8125,0.7813,0.75,0.7188,0.6875,0.6563,0.625,0.5938,0.5625,0.5625,0.5313,0.5,0.4688,0.4375,0.4063,0.375,0.3438,0.3125,0.2813,0.25,0.2188,0.1875,0.1875,0.1563,0.125,0.0938,0.0625,0.0313,-0,-0.0313,-0.0625,-0.0938,-0.125,-0.1563,-0.1875,-0.1875,-0.2188,-0.25,-0.2813,-0.3125,-0.3438,-0.375,-0.4063,-0.4375,-0.4688,-0.5,-0.5313,-0.5625,-0.5625,-0.5938,-0.625,-0.6563,-0.6875,-0.7188,-0.75,-0.7813,-0.8125,-0.8438,-0.875,-0.9063,-0.9375,0.0313,0.0313,0.0313,0.0313,0.0313,0.0313,0.0313,0.0313,0.0313,0.0313,0.0313,0.0313,0,0,0,0,0,0,0,0,0,0,0,0,0,0,0,0,0,0,0,-0,-0,-0,-0,-0,-0,-0,-0,-0,-0,-0,-0,-0,-0,-0,-0,-0,-0,-0,-0,-0.0313,-0.0313,-0.0313,-0.0313,-0.0313,-0.0313,-0.0313,-0.0313,-0.0313,-0.0313,-0.0313,-0.0313,-0.0313,-0.9063,-0.875,-0.8438,-0.8125,-0.7813,-0.75,-0.75,-0.7188,-0.6875,-0.6563,-0.625,-0.5938,-0.5625,-0.5313,-0.5,-0.4688,-0.4375,-0.4063,-0.375,-0.3438,-0.3125,-0.2813,-0.25,-0.2188,-0.1875,-0.1563,-0.125,-0.0938,-0.0625,-0.0313,0,0.0313,0.0625,0.0938,0.125,0.1563,0.1875,0.2188,0.25,0.2813,0.3125,0.3438,0.375,0.4063,0.4375,0.4688,0.5,0.5313,0.5625,0.5938,0.625,0.6563,0.6875,0.7188,0.75,0.75,0.7813,0.8125,0.8438,0.875,0.9063,0.9375,0.625,0.5938,0.5625,0.5625,0.5313,0.5,0.5,0.4688,0.4375,0.4375,0.4063,0.375,0.3438,0.3438,0.3125,0.2813,0.2813,0.25,0.2188,0.1875,0.1563,0.1563,0.125,0.0938,0.0938,0.0625,0.0313,0.0313,-0,-0.0313,-0.0313,-0.0625,-0.0938,-0.0938,-0.125,-0.1563,-0.1563,-0.1875,-0.2188,-0.25,-0.2813,-0.2813,-0.3125,-0.3438,-0.3438,-0.375,-0.4063,-0.4375,-0.4375,-0.4688,-0.5,-0.5,-0.5313,-0.5625,-0.5625,-0.5938,-0.625,-0.6563,0.4375,0.4063,0.4063,0.4063,0.375,0.375,0.3438,0.3438,0.3125,0.2813,0.2813,0.25,0.25,0.2188,0.2188,0.2188,0.1875,0.1875,0.1563,0.1563,0.125,0.125,0.0938,0.0938,0.0625,0.0313,0.0313,0,-0,-0,-0.0313,-0.0313,-0.0625,-0.0938,-0.0938,-0.125,-0.125,-0.1563,-0.1563,-0.1875,-0.1875,-0.2188,-0.2188,-0.2188,-0.25,-0.25,-0.2813,-0.2813,-0.3125,-0.3438,-0.3438,-0.375,-0.375,-0.4063,-0.4063,-0.4063,-0.4375,-0.4688,-0.9688,-0.9375,-0.9063,-0.875,-0.8438,-0.8125,-0.7813,-0.75,-0.7188,-0.6875,-0.6563,-0.625,-0.5938,-0.5625,-0.5313,-0.5,-0.4688,-0.4375,-0.4063,-0.375,-0.3438,-0.3125,-0.2813,-0.25,-0.2188,-0.1875,-0.1563,-0.125,-0.0938,-0.0625,-0.0313,0,0.0313,0.0625,0.0938,0.125,0.1563,0.1875,0.2188,0.25,0.2813,0.3125,0.3438,0.375,0.4063,0.4375,0.4688,0.5,0.5313,0.5625,0.5938,0.625,0.6563,0.6875,0.7188,0.75,0.7813,0.8125,0.8438,0.875,0.9063,0.9375,0.9688,1,0.25,0.25,0.2188,0.2188,0.2188,0.2188,0.1875,0.1875,0.1875,0.1875,0.1563,0.1563,0.1563,0.1563,0.125,0.125,0.125,0.0938,0.0938,0.0938,0.0938,0.0625,0.0625,0.0625,0.0625,0.0313,0.0313,0.0313,0.0313,0,-0,-0,-0.0313,-0.0313,-0.0313,-0.0313,-0.0625,-0.0625,-0.0625,-0.0625,-0.0938,-0.0938,-0.0938,-0.0938,-0.125,-0.125,-0.125,-0.1563,-0.1563,-0.1563,-0.1563,-0.1875,-0.1875,-0.1875,-0.1875,-0.2188,-0.2188,-0.2188,-0.2188,-0.25,-0.25,-0.25,0.7813,0.75,0.7188,0.7188,0.6875,0.6563,0.625,0.5938,0.5625,0.5313,0.5,0.4688,0.4375,0.4063,0.375,0.3438,0.3125,0.2813,0.25,0.2188,0.1875,0.1875,0.1563,0.125,0.0938,0.0625,0.0625,0.0313,-0,-0.0313,-0.0625,-0.0625,-0.0938,-0.125,-0.1563,-0.1875,-0.1875,-0.2188,-0.25,-0.2813,-0.3125,-0.3438,-0.375,-0.4063,-0.4375,-0.4688,-0.5,-0.5313,-0.5625,-0.5938,-0.625,-0.6563,-0.6875,-0.7188,-0.7188,-0.75,-0.7813,-0.8125,-0.8125,-0.7813,-0.75,-0.75,-0.7188,-0.6875,-0.6563,-0.625,-0.5938,-0.5625,-0.5313,-0.5,-0.4688,-0.4375,-0.4063,-0.4063,-0.375,-0.3438,-0.3125,-0.2813,-0.25,-0.2188,-0.1875,-0.1563,-0.125,-0.0938,-0.0625,-0.0313,0,0.0313,0.0625,0.0938,0.125,0.1563,0.1875,0.2188,0.25,0.2813,0.3125,0.3438,0.375,0.4063,0.4063,0.4375,0.4688,0.5,0.5313,0.5625,0.5938,0.625,0.6563,0.6875,0.7188,0.75,0.75,0.7813,0.8125,0.8438,-0.1875,-0.1875,-0.1875,-0.1875,-0.1563,-0.1563,-0.1563,-0.1563,-0.125,-0.125,-0.125,-0.125,-0.125,-0.0938,-0.0938,-0.0938,-0.0938,-0.0938,-0.0625,-0.0625,-0.0625,-0.0625,-0.0625,-0.0313,-0.0313,-0.0313,-0.0313,-0.0313,-0,-0,0,0,0,0.0313,0.0313,0.0313,0.0313,0.0313,0.0625,0.0625,0.0625,0.0625,0.0625,0.0938,0.0938,0.0938,0.0938,0.0938,0.125,0.125,0.125,0.125,0.125,0.1563,0.1563,0.1563,0.1563,0.1875,0.1875,0.1875,0.1875,0.1875,0.9688,0.9375,0.9063,0.875,0.8438,0.8125,0.7813,0.75,0.7188,0.6875,0.6563,0.625,0.5938,0.5625,0.5313,0.5,0.4688,0.4375,0.4063,0.375,0.3438,0.3125,0.2813,0.25,0.2188,0.1875,0.1563,0.125,0.0938,0.0625,0.0313,-0,-0.0313,-0.0625,-0.0938,-0.125,-0.1563,-0.1875,-0.2188,-0.25,-0.2813,-0.3125,-0.3438,-0.375,-0.4063,-0.4375,-0.4688,-0.5,-0.5313,-0.5625,-0.5938,-0.625,-0.6563,-0.6875,-0.7188,-0.75,-0.7813,-0.8125,-0.8438,-0.875,-0.9063,-0.9375,-0.9688,-1,-0.5,-0.4688,-0.4688,-0.4375,-0.4375,-0.4063,-0.4063,-0.375,-0.375,-0.3438,-0.3438,-0.3125,-0.3125,-0.2813,-0.25,-0.25,-0.2188,-0.2188,-0.1875,-0.1875,-0.1563,-0.1563,-0.125,-0.125,-0.0938,-0.0938,-0.0625,-0.0313,-0.0313,0,0.0313,0.0313,0.0625,0.0938,0.0938,0.125,0.125,0.1563,0.1563,0.1875,0.1875,0.2188,0.2188,0.25,0.25,0.2813,0.3125,0.3125,0.3438,0.3438,0.375,0.375,0.4063,0.4063,0.4375,0.4375,0.4688,0.4688,0.5,-0.5938,-0.5625,-0.5625,-0.5313,-0.5313,-0.5,-0.4688,-0.4688,-0.4375,-0.4063,-0.375,-0.375,-0.3438,-0.3125,-0.2813,-0.2813,-0.25,-0.2188,-0.1875,-0.1875,-0.1563,-0.125,-0.125,-0.0938,-0.0625,-0.0625,-0.0313,-0.0313,0,0.0313,0.0313,0.0625,0.0625,0.0938,0.125,0.125,0.1563,0.1875,0.1875,0.2188,0.25,0.2813,0.2813,0.3125,0.3438,0.375,0.375,0.4063,0.4375,0.4688,0.4688,0.5,0.5313,0.5313,0.5625,0.5625,0.5938,0.625,0.9375,0.9063,0.875,0.8438,0.8125,0.7813,0.75,0.7188,0.6875,0.6563,0.625,0.5938,0.5625,0.5313,0.5,0.4688,0.4375,0.4063,0.375,0.375}


pvcmd -set pvScan ACQ_spatial_phase_1 $vector1
pvcmd -set pvScan ACQ_spatial_phase_2 $vector2


pvcmd -a pvScan pvStartGop -Control -Alt

# Debugging Code End
#pvcmd -a JMacroManager JMMSetVerbose $OLD_VERBOSE
#pvcmd -s JMacroManager

#*****************************************************************************#
#*                             E N D  O F  F I L E                           *#
#*****************************************************************************#
